Time,xQTM,yQTM,zQTM,xCV,yCV,zCV,v0R11,v0R12,v0R13,v0R21,v0R22,v0R23,v0R31,v0R32,v0R33,v1R11,v1R12,v1R13,v1R21,v1R22,v1R23,v1R31,v1R32,v1R33,qtmR11,qtmR12,qtmR13,qtmR21,qtmR22,qtmR23,qtmR31,qtmR32,qtmR33
0.0,0.04757803000000002,-0.02660688,1.3443053,0.02538678391985029,0.05285618047979908,1.4181951222507923,0.7296301539978834,-0.6703606342753371,0.13511646232414684,-0.5436874965821149,-0.6884993145492189,-0.47997145740713437,0.41478156231599494,0.27674051723450904,-0.8668165559583405,0.7147545981358373,-0.6790686063692009,-0.16730717942595547,-0.6790686063692009,-0.7063617836101035,0.41393935692716555,-0.16730717942595547,-0.1997970432687749,-0.8947974723362018,0.70282,-0.58547,-0.40407,-0.66746,-0.7392,-0.08989,-0.24606,0.33288,-0.9103
0.016966221999609843,0.047498399999999996,-0.025660160000000015,1.3282042,0.02747263209744428,0.054699042874674746,1.4122503428336148,0.7122111509599665,-0.6759595897045165,-0.18929846680515183,-0.5942049358898254,-0.7241172911204958,0.35010661642488794,-0.37373221778761345,-0.1368677529106715,-0.9173829340034265,0.7274079539501105,-0.6688680410186231,0.1532749563171475,-0.6688680410186231,-0.7101665522162309,-0.42097330739648053,0.1532749563171475,0.21972485480077317,-0.894029228954873,0.70572,-0.58786,-0.39544,-0.65702,-0.75188,-0.0548,-0.26511,0.29849,-0.91685
0.03367185800743755,0.05154965000000003,-0.02900374,1.30034658,0.029282204527724575,0.05446820634349723,1.362125728667539,0.661538606109711,-0.7193679691621425,-0.21184050030613905,-0.5992740755149709,-0.6769425893379708,0.4273398099359341,-0.45081842801963784,-0.1557512622226164,-0.8789222316416648,0.6813539124601622,-0.7108363290058916,0.1745524544102929,-0.7108363290058916,-0.6611690086157473,-0.496279192181348,0.1745524544102929,0.23993177240936206,-0.8504342444111546,0.66776,-0.61825,-0.41456,-0.70018,-0.71073,-0.06787,-0.25268,0.33559,-0.90749
0.0503874080022797,0.05388071,-0.029731370000000007,1.2692672800000002,0.031745831792508984,0.055936666492791026,1.3713583037979293,0.66717826625217,-0.7235986788977544,-0.1768561928182675,-0.6453937442491462,-0.6800767853232366,0.34779660859255035,-0.3719409575790428,-0.11790045785253181,-0.9207385112578642,0.6849008946603915,-0.7160802123350731,0.13468442373026226,-0.7160802123350731,-0.6668945077931552,-0.42173721329136404,0.13468442373026226,0.20610881829141212,-0.8966592602152067,0.65986,-0.63094,-0.40805,-0.70688,-0.70539,-0.05239,-0.25478,0.32301,-0.91146
0.06723304800107144,0.05478303000000001,-0.02996168000000002,1.25366521,0.03348572631697189,0.055844868202081836,1.3288453964568012,0.6677540677240164,-0.7233525421693691,-0.17568609727334916,-0.6480987425679919,-0.6810534153979507,0.34078477849894345,-0.3661591524457871,-0.11369848333156196,-0.9235800614826445,0.6864620562542065,-0.7153872401872199,0.13034930725001564,-0.7153872401872199,-0.667507230088417,-0.41788675911082795,0.13034930725001564,0.20653133989058883,-0.8990993908680451,0.65428,-0.63524,-0.41035,-0.71105,-0.70152,-0.04776,-0.25753,0.32303,-0.91068
0.08399718000146095,0.05617594000000001,-0.02990828000000001,1.2229464700000001,0.03294596463258229,0.05487064185528179,1.2675835088354075,0.6327913636628195,-0.7316208521350872,-0.25358631428939293,-0.6038344359137123,-0.6712637722371314,0.4298708202317827,-0.4847257617235944,-0.11889439348895156,-0.8665477823630822,0.6581109393115925,-0.7230906306322011,0.20983310379999595,-0.7230906306322011,-0.6569397959672263,-0.5033413565561001,0.20983310379999595,0.21347141346434403,-0.8382228506369442,0.64164,-0.64153,-0.42041,-0.72059,-0.69198,-0.04384,-0.26279,0.33107,-0.90627
0.10076409400789998,0.05702985000000002,-0.029065760000000024,1.1938198400000002,0.03523917722299174,0.05621165462826842,1.2749556226476666,0.637539561033826,-0.7349573290304011,-0.23104335658333983,-0.6465943342858952,-0.6734978292192833,0.3582128430225436,-0.41887835344665103,-0.07898353335608782,-0.9046007552906478,0.6609565754565139,-0.7279493257181019,0.18228051060757577,-0.7279493257181019,-0.6622215262984099,-0.4366752235327659,0.18228051060757577,0.17763003488589804,-0.8809588892821563,0.63247,-0.65159,-0.41882,-0.72712,-0.68581,-0.03107,-0.26698,0.32418,-0.90754
0.11757934800698422,0.05614368,-0.02788096000000001,1.17986091,0.035925973791772356,0.05534041354608287,1.244313493295963,0.6856924741130526,-0.6964893219039376,-0.21149102916793733,-0.6477161368755513,-0.7164063112425653,0.2592793922448,-0.3320988361553416,-0.04079977555837469,-0.9423617889848113,0.7053977446333767,-0.69111615143164,0.15739277968338788,-0.69111615143164,-0.7080946184488855,-0.34296332386573464,0.15739277968338788,0.14477733439335644,-0.9260689344678957,0.63146,-0.65579,-0.41377,-0.72067,-0.69328,-0.00103,-0.28619,0.29884,-0.91038
0.1345016300037969,0.05716407000000001,-0.026883500000000005,1.1543683800000002,0.03524004141143442,0.05308963513647844,1.2038306124681766,0.6405160022926438,-0.733632981917093,-0.2269843577220348,-0.6505641924563079,-0.6754233398471619,0.3472312536097195,-0.40805083298618855,-0.07473927905151129,-0.9098948059342563,0.6646588563070884,-0.7263767179250337,0.17494418649674678,-0.7263767179250337,-0.6644097353492937,-0.4262181626450053,0.17494418649674678,0.17588793940898134,-0.8875430183616495,0.61927,-0.67322,-0.40408,-0.73427,-0.67883,0.00566,-0.27812,0.2932,-0.9147
0.15120293000654783,0.05885139,-0.026414469999999995,1.1318893700000001,0.035710377073363955,0.05116041373444256,1.1707910915955726,0.6418053213109125,-0.7333958833323961,-0.22409017793756608,-0.6516357930085606,-0.6756196842613533,0.3448316045676407,-0.4042978144970613,-0.07528957796191699,-0.9115233165658552,0.667062723918133,-0.7256056000998408,0.16889000995520698,-0.7256056000998408,-0.6644422670986081,-0.42403223008711716,0.16889000995520698,0.17892173371787895,-0.8897599858302665,0.61567,-0.67995,-0.39827,-0.74552,-0.66632,-0.0149,-0.25524,0.30609,-0.91715
0.16951012800564058,0.05876795000000001,-0.025845690000000004,1.12115745,0.03636083467762446,0.050286481864368,1.1702445424880787,0.6473751895683709,-0.7442140793567745,0.1644711768622839,-0.6352249435365253,-0.6460857585110736,-0.42315772917221905,0.42118242489488394,0.16946562110445643,-0.8910032369320251,0.6214279876138041,-0.7516206244459441,-0.2211191830614136,-0.7516206244459441,-0.6562573600155687,0.3453615451019649,-0.2211191830614136,-0.0662775552723942,-0.912048085380939,0.61301,-0.68253,-0.39796,-0.74795,-0.66361,-0.01398,-0.25455,0.30622,-0.9173
0.1849387120018946,0.058079500000000006,-0.024627919999999998,1.10155812,0.03567353055380285,0.04884555768923427,1.1390085772391114,0.6238311670134599,-0.75079330643765,-0.2171268893321264,-0.6713278195528352,-0.6570044324900117,0.34302206107321076,-0.4001919961181887,-0.0682245314890372,-0.9138882751989114,0.6495475819808617,-0.7432442216243521,0.16023721716513645,-0.7432442216243521,-0.6466602564505742,-0.4209754551965078,0.16023721716513645,0.17151833648123074,-0.8928066422004632,0.61236,-0.68209,-0.39971,-0.74901,-0.66233,-0.01724,-0.25298,0.30994,-0.91648
0.2015693849971285,0.056940779999999996,-0.02310891000000001,1.08431936,0.03541548687867971,0.04955405466567924,1.1455556489878813,0.6486289277899019,-0.7344378744364375,-0.19970358691673407,-0.690967005353895,-0.6782430901664867,0.25010179558268986,-0.31913180904822436,-0.02423467009684238,-0.9474004270734233,0.6687113176748591,-0.7298020071760126,0.14217666452486674,-0.7298020071760126,-0.6717056280940492,-0.3312257907607548,0.14217666452486674,0.12728149711816827,-0.9327782542488307,0.60956,-0.68356,-0.40147,-0.7516,-0.65936,-0.01852,-0.25205,0.31303,-0.91569
0.21836078900378197,0.056162830000000025,-0.02228760000000002,1.07589786,0.034203663750498395,0.04658635757236416,1.1156069601422272,0.6701418200229374,-0.729303134324668,0.1379379546048154,-0.6634417604946078,-0.671895290783289,-0.32924420823312106,0.3327986951419134,0.12912651349531074,-0.9341152884009474,0.6502906696938413,-0.7341149829996959,-0.19544113345068975,-0.7341149829996959,-0.6784322680723796,0.25112517341875584,-0.19544113345068975,-0.02836986735116867,-0.9480184126012056,0.60895,-0.68741,-0.39578,-0.75186,-0.65921,-0.01186,-0.25275,0.3048,-0.91827
0.23525470100867096,0.052858669999999996,-0.01870839000000002,1.05823924,0.03209565685432045,0.04463054812562313,1.081794305046126,0.6283291287889486,-0.7485855187659926,-0.211712604747968,-0.6729251496547847,-0.6595447024548555,0.33492167506123194,-0.3903514427761286,-0.06797430806992877,-0.9181531705358367,0.6521124138464396,-0.7415797762371001,0.15750820671794244,-0.7415797762371001,-0.6498007330954294,-0.4103121124592165,0.15750820671794244,0.16678861695204153,-0.8982400209218876,0.63682,-0.67743,-0.36816,-0.72045,-0.69291,0.02877,-0.27459,0.24692,-0.92932
0.2519939220073866,0.192,0.144,1.564,0.03170937983323279,0.0454769251845468,1.114558517440788,0.631705587477063,-0.7511059604390964,-0.19180168649707144,-0.7082685431646851,-0.6597895032197327,0.25106469724840413,-0.3151249300097233,-0.022751870998243703,-0.9487774401051314,0.650014613007084,-0.7471351727859185,0.13881655687779748,-0.7471351727859185,-0.654044315135469,-0.32772695217607073,0.13881655687779748,0.11838525003196596,-0.9345185971151011,0.0,0.0,0.0,0.0,0.0,0.0,0.0,0.0,0.0
0.26875930800451897,0.192,0.144,1.564,0.02829751261078519,0.042016821871877906,1.0481510202463342,0.6474512068235291,-0.7377759805999737,0.19103281716109505,-0.6556648017251783,-0.667011529841111,-0.3538351124997399,0.38847213871967684,0.10383747641756393,-0.9155911619985156,0.6274420808694794,-0.7408213272242767,-0.23979198544538274,-0.7408213272242767,-0.6716053869594413,0.28028267990666983,-0.23979198544538274,-0.011400234064273873,-0.9294844931791475,0.0,0.0,0.0,0.0,0.0,0.0,0.0,0.0,0.0
0.28559595000115223,0.192,0.144,1.564,0.028019762906914394,0.04209079229697898,1.0636376849606906,0.6195789888927102,-0.7327566792445888,-0.2814063352967187,-0.6952057869868873,-0.6787251110392107,0.23668784798707665,-0.36443214767996107,0.048988495254026765,-0.9299405018978996,0.6394849473084603,-0.7328878040572313,0.23223795734131156,-0.7328878040572313,-0.6789219694592119,-0.31050461081627434,0.23223795734131156,0.0440502673067284,-0.9217659235574773,0.0,0.0,0.0,0.0,0.0,0.0,0.0,0.0,0.0
0.30250381599762477,0.192,0.144,1.564,0.025553007667019338,0.04078726562375183,1.0604013873625282,0.6699959132811992,-0.7288932759336322,0.1407837649916684,-0.6660222568940131,-0.6739525559389574,-0.31969095336770437,0.32790216453737653,0.12042651137554514,-0.9370046028967087,0.6547486770604843,-0.7325880970279026,-0.18606141453988462,-0.7325880970279026,-0.6798409884407942,0.24753201078177983,-0.18606141453988462,-0.033629013201109184,-0.9508464932142023,0.0,0.0,0.0,0.0,0.0,0.0,0.0,0.0,0.0
0.3192186140076956,0.192,0.144,1.564,0.023486140441422103,0.03970078691804495,1.0350927361685482,0.6561617198940551,-0.731650961352215,-0.18476652320714335,-0.6913801921864656,-0.6809917430570929,0.24133726554402773,-0.30239911904283395,-0.03061236090931764,-0.9526896956310988,0.6701970020098326,-0.7283885990897017,0.1424290251780678,-0.7283885990897017,-0.6754207377398668,-0.31363531452159243,0.1424290251780678,0.1151385067954072,-0.9388007574942444,0.0,0.0,0.0,0.0,0.0,0.0,0.0,0.0,0.0
0.33596053600194864,0.192,0.144,1.564,0.021918142717631112,0.03840763171893802,1.0226542216750196,0.6315479671914086,-0.7406020946467651,-0.22946830400127632,-0.6846683093998904,-0.6715922462524107,0.28318397002149887,-0.36383577509625703,-0.02173458484685656,-0.9312095019820409,0.6478371025583398,-0.7378549365168372,0.1894127271503943,-0.7378549365168372,-0.6667500032898999,-0.35378741763619054,0.1894127271503943,0.10495011086536667,-0.9159461129977932,0.0,0.0,0.0,0.0,0.0,0.0,0.0,0.0,0.0
0.35287736800091807,0.192,0.144,1.564,0.020248016604827165,0.03758708953562113,1.0232155377970602,0.6314739029553051,-0.7399159369009712,-0.23187306054466933,-0.6850838884692466,-0.6724577126077493,0.28010835495252606,-0.3631814637977146,-0.018028618203054375,-0.9315439835452956,0.6464137974665511,-0.7376345117910403,0.1950500691096162,-0.7376345117910403,-0.6682678841218312,-0.3477336378424035,0.1950500691096162,0.09650576182862966,-0.9170805786043132,0.0,0.0,0.0,0.0,0.0,0.0,0.0,0.0,0.0
0.3696970879973378,0.192,0.144,1.564,0.01791274586181169,0.03716413282375047,1.01123339515537,0.6071752219407167,-0.7474079867646328,-0.2696656284765994,-0.6791896649553342,-0.6643354666924073,0.3120252981930184,-0.4123586410869811,-0.0062999218264731816,-0.9109998145476642,0.6220437102190551,-0.7458867124329249,0.2381483461897536,-0.7458867124329249,-0.6611472694258895,-0.3780773646353782,0.2381483461897536,0.08085357349365163,-0.8946188414947746,0.0,0.0,0.0,0.0,0.0,0.0,0.0,0.0,0.0
0.3864988330024062,0.192,0.144,1.564,0.016696868108322476,0.03553537464510442,0.9888707513636613,0.6264958077388181,-0.7309720452553654,-0.2705233297534123,-0.6640091487531112,-0.6823019653279586,0.3058690544690224,-0.40816032788336276,-0.011995714434458238,-0.9128314464222586,0.6404942103098578,-0.7293598913844968,0.24041904125743963,-0.7293598913844968,-0.6788376185671839,-0.3705599603563944,0.24041904125743963,0.08493312932907585,-0.8971532758573202,0.0,0.0,0.0,0.0,0.0,0.0,0.0,0.0,0.0
0.4032217420026427,0.192,0.144,1.564,0.016056415319245065,0.03554453317848573,1.0002718879427703,0.6006781765999086,-0.7394332622258923,-0.3040134517921589,-0.6565144328490271,-0.6732127927004705,0.34025480923177787,-0.45626146847781135,-0.004794419506889913,-0.8898328415629888,0.6156002847243341,-0.7381444724367966,0.2760054841091418,-0.7381444724367966,-0.6703143192822383,-0.4032444065383642,0.2760054841091418,0.0762984349524462,-0.8724763156310895,0.0,0.0,0.0,0.0,0.0,0.0,0.0,0.0,0.0
0.42000826000003144,0.192,0.144,1.564,0.015479842411206748,0.034322380307664234,0.9890019153446771,0.643542720179375,-0.7153051991245353,-0.2723806883931735,-0.6471415322293262,-0.6985178188884777,0.3054188827809502,-0.40873047912776234,-0.020281242582561504,-0.9124297598343103,0.656875450682589,-0.7135314239309998,0.2436956079898565,-0.7135314239309998,-0.694608105459624,-0.3686458601733086,0.2436956079898565,0.09161051736996059,-0.8970577910165741,0.0,0.0,0.0,0.0,0.0,0.0,0.0,0.0,0.0
0.43678597299731337,0.192,0.144,1.564,0.01484219573558218,0.03433057656755806,1.0017628366528182,0.6192178486315597,-0.723500221465138,-0.30515026704231885,-0.6715948391361217,-0.6893446912502385,0.27159578179868726,-0.4068533248995627,0.03676038880384097,-0.9127535515313875,0.6318074288438356,-0.7235719098654124,0.277962342973758,-0.7235719098654124,-0.6895078519811553,-0.333474712551891,0.277962342973758,0.03197832562928307,-0.9008504603856139,0.0,0.0,0.0,0.0,0.0,0.0,0.0,0.0,0.0
0.45361130200035404,0.192,0.144,1.564,0.015015681897841115,0.03428210895587847,1.0118835400895656,0.6256136292208461,-0.7317890906803923,-0.27035590190392705,-0.6616137776575304,-0.6813178592572776,0.3131663836857528,-0.4133700474718181,-0.01704996827694591,-0.9104034833165469,0.6384366776668935,-0.7302464386119458,0.2431845955323426,-0.7302464386119458,-0.6778210679363769,-0.3747566737072275,0.2431845955323426,0.08543265626304336,-0.8946612140959647,0.0,0.0,0.0,0.0,0.0,0.0,0.0,0.0,0.0
0.47040795399516355,0.192,0.144,1.564,0.01364530899014449,0.03268532407521584,0.9751647301176718,0.6016630002728621,-0.7375121241385186,-0.3067205582469963,-0.6248074621498175,-0.6737848882224289,0.3944991250243701,-0.4976115647214836,-0.04571423357970025,-0.86619451597413,0.6160941832146474,-0.7352875300813144,0.28245389980666946,-0.7352875300813144,-0.6685571431980387,-0.4515252159236536,0.28245389980666946,0.11128159949334523,-0.8463715341793473,0.0,0.0,0.0,0.0,0.0,0.0,0.0,0.0,0.0
0.4872215560026234,0.192,0.144,1.564,0.013447914986193323,0.03228635634980602,0.9887212520858293,0.6277367583094059,-0.730882814305849,-0.2678747356873371,-0.6625855032909485,-0.6823049573323188,0.30893429079405127,-0.40856702399469236,-0.016439493669348937,-0.9125802594577729,0.6389796331674116,-0.7295939856282312,0.24371631979076178,-0.7295939856282312,-0.6791706741780564,-0.3676847805164729,0.24371631979076178,0.08012372602192672,-0.8974465207711267,0.0,0.0,0.0,0.0,0.0,0.0,0.0,0.0,0.0
0.5040117470052792,0.192,0.144,1.564,0.013567077225937271,0.03213515790208932,0.9959842792874044,0.6324305366943345,-0.7371155045886578,-0.23810155218209808,-0.6511014460797301,-0.6723711645982406,0.3521135100073411,-0.41964094553487075,-0.06765907117167624,-0.9051650274501251,0.6440092699101791,-0.7344540061087385,0.2140779605204236,-0.7344540061087385,-0.6659281858918681,-0.4102700299883357,0.2140779605204236,0.13083181625885534,-0.8864813192125292,0.0,0.0,0.0,0.0,0.0,0.0,0.0,0.0,0.0
0.5207785550010158,0.192,0.144,1.564,0.012390655936834232,0.030989894114041454,0.9997675772533202,0.6524210897974144,-0.7229940030056285,-0.2272144212092433,-0.6674713677275386,-0.6901708324201945,0.2795464099936624,-0.3589271442110268,-0.03072285296506541,-0.932859802678947,0.6617143311312451,-0.7214658290468041,0.20401274835984196,-0.7214658290468041,-0.6864090970179972,-0.3366593804403765,0.20401274835984196,0.0912666918911011,-0.9192601699563435,0.0,0.0,0.0,0.0,0.0,0.0,0.0,0.0,0.0
0.5375897540070582,0.192,0.144,1.564,0.011931231478438649,0.030499514009560146,0.9959240955479216,0.6330795106879675,-0.7369857390415939,-0.23677490068923895,-0.6503783961312783,-0.6722875404121736,0.3536062850859072,-0.419783604959495,-0.06986761378396611,-0.904931070055253,0.6432431737410597,-0.7346525441881363,0.21569390059393723,-0.7346525441881363,-0.666176249349943,-0.4088233310495091,0.21569390059393723,0.1284322549826987,-0.8867579293336803,0.0,0.0,0.0,0.0,0.0,0.0,0.0,0.0,0.0
0.5543769250070909,0.192,0.144,1.564,0.010748628096197787,0.029348118688979876,0.999706357926984,0.6529686581754282,-0.7229233770046433,-0.22586217571958284,-0.6668468086512718,-0.690142782332952,0.28110189217674414,-0.35909227954969397,-0.032935254271585904,-0.9327207533843506,0.6610469292927362,-0.721597795646315,0.20570264604769772,-0.721597795646315,-0.6865871893905335,-0.33517558669076497,0.20570264604769772,0.0888518580739142,-0.9194257705195549,0.0,0.0,0.0,0.0,0.0,0.0,0.0,0.0,0.0
0.5712192970095202,0.192,0.144,1.564,0.010169241163484834,0.029795726089482024,0.9858062102220256,0.6266963196783593,-0.7291319824463252,-0.2749877725926933,-0.6288483663027258,-0.6816008184468798,0.3741257228405127,-0.4602189208409317,-0.06153760205301456,-0.8856701803908569,0.6361989765736089,-0.7273369397147359,0.2573554707658167,-0.7273369397147359,-0.6762520500633568,-0.4266654740568282,0.2573554707658167,0.11689371630464049,-0.8670206081257624,0.0,0.0,0.0,0.0,0.0,0.0,0.0,0.0,0.0
0.5879894600075204,0.192,0.144,1.564,0.010029896140285254,0.029296727317506027,1.0116847288210626,0.6275188806727311,-0.7316264175221556,-0.266350970681429,-0.6594647390794328,-0.6812927647850884,0.3177206738038708,-0.4139158275665942,-0.0237266482080086,-0.9100058977032374,0.6361534894057722,-0.7305941547297097,0.24807442228420132,-0.7305941547297097,-0.6783160491989659,-0.37042439118351445,0.24807442228420132,0.07822735118797533,-0.8951228135986047,0.0,0.0,0.0,0.0,0.0,0.0,0.0,0.0,0.0
0.6047149689984508,0.192,0.144,1.564,0.009068508718892842,0.028460139099108744,0.9960757812434847,0.6506168884155984,-0.7206612776623916,-0.23946813438621567,-0.6331769277976812,-0.6888904043857522,0.3528696485246712,-0.4192667916888903,-0.0779572551033211,-0.9045098251338458,0.6585802423276551,-0.7187376720075279,0.22290855356591216,-0.7187376720075279,-0.6829844528199723,-0.40371171276323414,0.22290855356591216,0.13018600555897877,-0.887315405999991,0.0,0.0,0.0,0.0,0.0,0.0,0.0,0.0,0.0
0.6215988949988969,0.192,0.144,1.564,0.008905419345565399,0.027931319732692608,1.0231167226217537,0.6522617360489315,-0.7232124694090796,-0.22697654455395583,-0.6651469024229535,-0.6897033109846054,0.28616243816060594,-0.363502717848963,-0.035680063173902765,-0.9309096128026197,0.6592333689256918,-0.7220731402924101,0.2098135967070309,-0.7220731402924101,-0.686319289639971,-0.3371396149929716,0.2098135967070309,0.08704144263707395,-0.917777279430718,0.0,0.0,0.0,0.0,0.0,0.0,0.0,0.0,0.0
0.6383111150062177,0.192,0.144,1.564,0.008368503607851116,0.027635649721048112,1.0116291137542066,0.6281620165995704,-0.7315653055598835,-0.26499940490996515,-0.6587533817627568,-0.6812770762299516,0.3192264516290907,-0.41407301640857125,-0.02595667745769714,-0.9098735010855432,0.6353979801446464,-0.7307019558540967,0.24968792229321163,-0.7307019558540967,-0.6784723712361829,-0.368967815376936,0.24968792229321163,0.07582805008800281,-0.8952757634812138,0.0,0.0,0.0,0.0,0.0,0.0,0.0,0.0,0.0
0.655186607997166,0.192,0.144,1.564,0.007953399943429838,0.027228571432837037,1.0120253644917407,0.6449805685543074,-0.714864482598694,-0.2701274471546053,-0.642472577039671,-0.698639464897493,0.31485216505488534,-0.4137983252012584,-0.029524051325087758,-0.909889705653376,0.6514490042735205,-0.7140506496494141,0.25640956410845706,-0.7140506496494141,-0.6957799900291769,-0.36305117426395606,0.25640956410845706,0.07760074233052325,-0.8957946083222837,0.0,0.0,0.0,0.0,0.0,0.0,0.0,0.0,0.0
0.6719476900034351,0.192,0.144,1.564,0.007953399943429838,0.027228571432837037,1.0120253644917407,0.6449805685543074,-0.714864482598694,-0.2701274471546053,-0.642472577039671,-0.698639464897493,0.31485216505488534,-0.4137983252012584,-0.029524051325087758,-0.909889705653376,0.6514490042735205,-0.7140506496494141,0.25640956410845706,-0.7140506496494141,-0.6957799900291769,-0.36305117426395606,0.25640956410845706,0.07760074233052325,-0.8957946083222837,0.0,0.0,0.0,0.0,0.0,0.0,0.0,0.0,0.0
0.6887350839970168,0.192,0.144,1.564,0.007953399943429838,0.027228571432837037,1.0120253644917407,0.6449805685543074,-0.714864482598694,-0.2701274471546053,-0.642472577039671,-0.698639464897493,0.31485216505488534,-0.4137983252012584,-0.029524051325087758,-0.909889705653376,0.6514490042735205,-0.7140506496494141,0.25640956410845706,-0.7140506496494141,-0.6957799900291769,-0.36305117426395606,0.25640956410845706,0.07760074233052325,-0.8957946083222837,0.0,0.0,0.0,0.0,0.0,0.0,0.0,0.0,0.0
0.7054956310021225,0.192,0.144,1.564,0.008341822948348124,0.026756481406284602,1.008663260678859,0.6258428731523148,-0.7297508840014852,-0.2752895664995433,-0.6247752602179084,-0.6803447840577721,0.3831277189463434,-0.46687961226005614,-0.06778364186464475,-0.8817192328351839,0.6339516760987901,-0.7281882992118222,0.26047470752940427,-0.7281882992118222,-0.6754204087021471,-0.4298156983073804,0.26047470752940427,0.11640048281522888,-0.8645295785720755,0.0,0.0,0.0,0.0,0.0,0.0,0.0,0.0,0.0
0.7223324340011459,0.192,0.144,1.564,0.008451121995133279,0.02660971025950322,1.019300434539086,0.6326782483981696,-0.7373673449248908,-0.2366593176746708,-0.6468016220533319,-0.6711981478092157,0.3621335500704913,-0.42587075000873503,-0.07604238959879753,-0.9015828632306087,0.6400373274172653,-0.7356905106365442,0.22161157928209588,-0.7356905106365442,-0.6660379721490834,-0.4084404355707809,0.22161157928209588,0.12309708451006254,-0.8854742901512421,0.0,0.0,0.0,0.0,0.0,0.0,0.0,0.0,0.0
0.7391820900083985,0.192,0.144,1.564,0.009426756012631758,0.02745029786828744,1.0362789076683345,0.6431673900125634,-0.7154229506023794,-0.2729573413114433,-0.6403123157156964,-0.6979831393022238,0.32065507261325965,-0.41992362015874823,-0.03145693884022943,-0.9070141201941531,0.6511650882917772,-0.7143698855134556,0.2562414768562147,-0.7143698855134556,-0.6949506125561231,-0.3687919889139402,0.2562414768562147,0.08197141440381239,-0.8934946974948683,0.0,0.0,0.0,0.0,0.0,0.0,0.0,0.0,0.0
0.7559615610080073,0.192,0.144,1.564,0.009307145813213957,0.027569867419433375,1.0256357084471135,0.6363918030881529,-0.7073969233486408,-0.30756310864453096,-0.6507880415320795,-0.7064393458660869,0.27824157779012065,-0.4141019173597855,0.023087733738345106,-0.9099376674200144,0.6442524168289635,-0.7073537964902217,0.2908426206746704,-0.7073537964902217,-0.7063145951997145,-0.3266080040940079,0.2908426206746704,0.027754264514368437,-0.8992984941946797,0.0,0.0,0.0,0.0,0.0,0.0,0.0,0.0,0.0
0.7727565289969789,0.192,0.144,1.564,0.009714276445014441,0.02792695807307211,1.0363112267616719,0.6511272487261546,-0.7143762003797607,0.2563200154051274,-0.617280561165054,-0.6949515061739671,-0.3687914219098519,0.4415857954849369,0.08190878095485601,-0.8934724040665301,0.6432022177303298,-0.7154196976923115,-0.2728837907619779,-0.7154196976923115,-0.6979835891029087,0.3206621743361242,-0.2728837907619779,-0.03152087398635198,-0.9070337406565436,0.0,0.0,0.0,0.0,0.0,0.0,0.0,0.0,0.0
0.7900906950089848,0.192,0.144,1.564,0.011128730434628014,0.029151874111315076,1.0363368307000136,0.6425156406790993,-0.7154909173017546,-0.27431077037079826,-0.64103449780178,-0.6980109099042293,0.31914815099368743,-0.4198195137326833,-0.029215011780994865,-0.9071372878323819,0.6519254725278175,-0.7142499223998432,0.25463744151479384,-0.7142499223998432,-0.6947880376149407,-0.37023992124230565,0.25463744151479384,0.08436012766110298,-0.893354450426756,0.0,0.0,0.0,0.0,0.0,0.0,0.0,0.0,0.0
0.8128480930026853,0.192,0.144,1.564,0.011128730434628014,0.029151874111315076,1.0363368307000136,0.6425156406790993,-0.7154909173017546,-0.27431077037079826,-0.64103449780178,-0.6980109099042293,0.31914815099368743,-0.4198195137326833,-0.029215011780994865,-0.9071372878323819,0.6519254725278175,-0.7142499223998432,0.25463744151479384,-0.7142499223998432,-0.6947880376149407,-0.37023992124230565,0.25463744151479384,0.08436012766110298,-0.893354450426756,0.0,0.0,0.0,0.0,0.0,0.0,0.0,0.0,0.0
0.8234253789996728,0.192,0.144,1.564,0.011862910113056358,0.031182761123826137,1.0636254119734063,0.6422484483534568,-0.7158059557664078,-0.27411450942428406,-0.6742685806314124,-0.6976820549450052,0.24207773830118073,-0.36452546105982353,0.029352749395140376,-0.9307306830346086,0.6504510298961161,-0.7158322280011884,0.2539639326005505,-0.7158322280011884,-0.6977524808218075,-0.29609377640928697,0.2539639326005505,0.026938761327644334,-0.920777278449979,0.0,0.0,0.0,0.0,0.0,0.0,0.0,0.0,0.0
0.8400291610014392,0.192,0.144,1.564,0.011461993815823319,0.030992775984284952,1.0254873796560549,0.6520184254526942,-0.7255183338636171,-0.22021607592987186,-0.6192951433700393,-0.6771727388654751,0.3973796762992713,-0.43743056393954954,-0.12272012453217471,-0.890839083542216,0.6617786047901291,-0.7222370844293377,0.20105390351107183,-0.7222370844293377,-0.66813441302263,-0.45016260598715585,0.20105390351107183,0.17880156601639477,-0.8700177906536241,0.0,0.0,0.0,0.0,0.0,0.0,0.0,0.0,0.0
0.8568703880009707,0.192,0.144,1.564,0.012365937154414558,0.0312097118132547,1.0331227924191961,0.6221629700351534,-0.7302646311060923,-0.282182223523238,-0.6248165060535484,-0.6803438176952339,0.3830621666086464,-0.4717176830266932,-0.062014984313125354,-0.8795661255645143,0.6334597576438845,-0.7281380560097465,0.2618085308695995,-0.7281380560097465,-0.6748968315099164,-0.43524712006686717,0.2618085308695995,0.11970479609532314,-0.8614036438496183,0.0,0.0,0.0,0.0,0.0,0.0,0.0,0.0,0.0
0.8734929519996513,0.192,0.144,1.564,0.01283130538734799,0.03255498792730423,1.0364290429116119,0.6418999490558523,-0.7155628319279688,-0.275561769781876,-0.6424320387883229,-0.6980665498767948,0.3162027316159476,-0.4186233760080447,-0.02594080774250901,-0.9077893718001402,0.6527194851096375,-0.7141307046781044,0.25293202722107644,-0.7141307046781044,-0.6944593367136778,-0.37320206966429054,0.25293202722107644,0.08799753568795365,-0.892606074819193,0.0,0.0,0.0,0.0,0.0,0.0,0.0,0.0,0.0
0.8902996130054817,0.192,0.144,1.564,0.014656025981612975,0.034090234830937344,1.0437581899271249,0.6464889245827267,-0.7222382255686046,-0.2458129693880759,-0.6302053795963283,-0.6871421683562907,0.3614924895408793,-0.429992150997803,-0.07878823512510258,-0.8993882165595423,0.6590683660689272,-0.7190498589163143,0.22044543370109088,-0.7190498589163143,-0.6796941689625158,-0.42075085315550287,0.22044543370109088,0.14485557314367722,-0.8799843920941179,0.0,0.0,0.0,0.0,0.0,0.0,0.0,0.0,0.0
0.9071676430030493,0.192,0.144,1.564,0.014762975071110851,0.03475205190294796,1.0503451532617343,0.6495379449448111,-0.7265563603839478,-0.22408996689388694,-0.6178529558949439,-0.6761459687412452,0.40135315352796663,-0.44312321420656,-0.12223945410788636,-0.8880874579064008,0.6624408313748397,-0.7221533411366868,0.19916499896450285,-0.7221533411366868,-0.6658306905449322,-0.45974671571503156,0.19916499896450285,0.18752078128457816,-0.8654283682528043,0.0,0.0,0.0,0.0,0.0,0.0,0.0,0.0,0.0
0.9239535800006706,0.192,0.144,1.564,0.01448350869636113,0.035021066435750266,1.0330932626661247,0.638374177977965,-0.71384596232034,-0.2879276835768058,-0.6092507786327089,-0.6972103584469094,0.3777713657885816,-0.47041672762179226,-0.06573931968981778,-0.8799922978187505,0.6520607373345306,-0.7110164074809812,0.2631966244456553,-0.7110164074809812,-0.6904172414966964,-0.4371450081169306,0.2631966244456553,0.13334054498513095,-0.8600184758241309,0.0,0.0,0.0,0.0,0.0,0.0,0.0,0.0,0.0
0.9407141350093298,0.192,0.144,1.564,0.015476300516254187,0.03715228160134046,1.0705935433582288,0.6445354990854645,-0.7220796369711372,-0.25134635125714677,-0.6301024710202298,-0.6878558317180641,0.3603126847415321,-0.43306450608754676,-0.07386035907766034,-0.8983316653241542,0.6571916483834821,-0.7190105420615445,0.22610390907581912,-0.7190105420615445,-0.6803191247805506,-0.4222999789477414,0.22610390907581912,0.14209056570437675,-0.8778039360138293,0.0,0.0,0.0,0.0,0.0,0.0,0.0,0.0,0.0
0.957519682997372,0.192,0.144,1.564,0.015335982459662917,0.03727844676572846,1.06222282080706,0.6393874069298813,-0.7154784201984435,-0.2815570529924988,-0.6426260841354555,-0.6983306413353303,0.3152237798150964,-0.4221557293798245,-0.020614208753322122,-0.9062889133986263,0.6517105183716985,-0.7139187747776066,0.25611205216415134,-0.7139187747776066,-0.6944888870875527,-0.3779004874250963,0.25611205216415134,0.08947160852434438,-0.8897178419814574,0.0,0.0,0.0,0.0,0.0,0.0,0.0,0.0,0.0
0.9743112580035813,0.192,0.144,1.564,0.015980481131045134,0.037702029698089945,1.0747467403345705,0.6653174945217948,-0.7066756003936688,-0.2407534574860537,-0.6480206037092467,-0.7067772301132751,0.283787322059513,-0.37070463802270504,-0.03279546922448384,-0.928171605117718,0.6767952599997397,-0.7046372348732992,0.2131538019177608,-0.7046372348732992,-0.7020263773760061,-0.34811430262004406,0.2131538019177608,0.10317622157470373,-0.9128975238433744,0.0,0.0,0.0,0.0,0.0,0.0,0.0,0.0,0.0
0.9911608749971492,0.192,0.144,1.564,0.015907915852093783,0.03845630419809421,1.070266627163163,0.6615984279021669,-0.7044109844474993,-0.2570849765876786,-0.6127436572843596,-0.7054827375993067,0.35614507915619875,-0.43224151889327966,-0.07809783568763559,-0.8983696329494546,0.6748975936804263,-0.7010015485560195,0.23045621485747148,-0.7010015485560195,-0.6973496570550901,-0.4196669844912647,0.23045621485747148,0.14933279856485218,-0.8779348239827234,0.0,0.0,0.0,0.0,0.0,0.0,0.0,0.0,0.0
1.007868515996961,0.192,0.144,1.564,0.015583150012301901,0.03959774032397311,1.0769299438301427,0.6480255178651092,-0.7268249800846754,-0.22757059678387204,-0.6175443317497679,-0.6763161680151507,0.40154132938594866,-0.4457599427039056,-0.11967409580278165,-0.8871167816439938,0.6610153282009903,-0.7224487730684261,0.20279671145081035,-0.7224487730684261,-0.6650294900662395,-0.4654356708234696,0.20279671145081035,0.1892182539665851,-0.8615353330826563,0.0,0.0,0.0,0.0,0.0,0.0,0.0,0.0,0.0
1.0247141080035362,0.192,0.144,1.564,0.01610692831856172,0.03930898984825175,1.0819228922813953,0.6698047590228409,-0.7124819549010208,-0.20911969952822163,-0.6353209517844836,-0.6956714490818858,0.3352738032652821,-0.38435513917991493,-0.0917098624616187,-0.9186187610283492,0.6817229460856725,-0.7086488590594417,0.18185329068791362,-0.7086488590594417,-0.6863314574925448,-0.40171305753006614,0.18185329068791362,0.16360294927020902,-0.8975277154917407,0.0,0.0,0.0,0.0,0.0,0.0,0.0,0.0,0.0
1.041517372999806,0.192,0.144,1.564,0.01708100424237731,0.04185642937607883,1.1155831339305826,0.6731818753374418,-0.7151411076968159,-0.18814717324301217,-0.6710932394327305,-0.6976851717055056,0.25073744269642534,-0.31058014538094497,-0.042527605909929836,-0.9495953748996047,0.6829271317799949,-0.7127666309742031,0.15991954992568513,-0.7127666309742031,-0.6917641557430824,-0.3211260915517374,0.15991954992568513,0.1158709739267979,-0.9334365382157865,0.0,0.0,0.0,0.0,0.0,0.0,0.0,0.0,0.0
1.0584512269997504,0.192,0.144,1.564,0.016986810521806648,0.042602767399988896,1.1101441598468968,0.668726437860698,-0.7123601742439171,-0.21295054227993476,-0.6346127907054094,-0.6961011202040783,0.33572285642136357,-0.38739070352711663,-0.08936561196457729,-0.9175741006692387,0.6807459775810891,-0.7085704885869404,0.18577614677571325,-0.7085704885869404,-0.6864487248297342,-0.4049365150747585,0.18577614677571325,0.16345033154844443,-0.8952729427656565,0.0,0.0,0.0,0.0,0.0,0.0,0.0,0.0,0.0
1.0751361820002785,0.192,0.144,1.564,0.01683165394715681,0.04338426704342108,1.1312551740312389,0.6633138817865254,-0.7066344520206821,-0.2463380714520625,-0.6457758929803473,-0.7068351960481998,0.28871699235226544,-0.37813779270885656,-0.03243080086789957,-0.9251810919384056,0.6750733875723361,-0.7045379950787657,0.21886556349047306,-0.7045379950787657,-0.7014898625955757,-0.35876360905035265,0.21886556349047306,0.10741594930937079,-0.9074064899146157,0.0,0.0,0.0,0.0,0.0,0.0,0.0,0.0,0.0
1.0919249180005863,0.192,0.144,1.564,0.01716744555129321,0.04380442573987368,1.1391892142143838,0.6801926495189793,-0.708795945236619,0.18693920818404938,-0.6006515731088495,-0.6851068349226254,-0.41212414690741794,0.42018525350399427,0.16803848594423357,-0.8917440327691314,0.6680173160068622,-0.7127181424291602,-0.21397596820044212,-0.7127181424291602,-0.6951226264955626,0.3430826021205308,-0.21397596820044212,-0.09400735921319268,-0.9146084480010498,0.0,0.0,0.0,0.0,0.0,0.0,0.0,0.0,0.0
1.10869720899791,0.192,0.144,1.564,0.017121635490986005,0.044030681585555544,1.1477450326948173,0.7126856006313729,-0.6819850453001075,-0.16424260299846422,-0.6150079071556545,-0.7200788785816028,0.32132799871266043,-0.3374085191407041,-0.1279953382263267,-0.9326160435053675,0.7231512511942823,-0.6770232857572493,0.13671773271453083,-0.6770232857572493,-0.7071170221263767,-0.39323261530831954,0.13671773271453083,0.20402202714800943,-0.9092174502390379,0.0,0.0,0.0,0.0,0.0,0.0,0.0,0.0,0.0
1.1255070119950688,0.192,0.144,1.564,0.017145671132715014,0.04314940642709049,1.149446021055161,0.7124736020884552,-0.6815693915240503,-0.16686680576027518,-0.6162893430512554,-0.7215061225219283,0.3156205962937533,-0.33551275977010725,-0.1220331090356551,-0.9340980185882733,0.7228869789888015,-0.6768028715231886,0.13918436947592064,-0.6768028715231886,-0.7096138786964943,-0.38468697636057514,0.13918436947592064,0.19592349593472236,-0.9124930912133794,0.0,0.0,0.0,0.0,0.0,0.0,0.0,0.0,0.0
1.1423079170053825,0.192,0.144,1.564,0.01686568037318378,0.04210228263734771,1.1328878394348545,0.6633355397194419,-0.709350949429453,-0.23834259436502497,-0.5931549540278138,-0.692593659132949,0.4104646438380468,-0.45623805437225357,-0.1309016954526029,-0.8801770184856309,0.6773810013846898,-0.704330216634152,0.21230620551260967,-0.704330216634152,-0.6800867113594342,-0.47532285654612094,0.21230620551260967,0.2034723837978953,-0.853811605183294,0.0,0.0,0.0,0.0,0.0,0.0,0.0,0.0,0.0
1.1591640639962861,0.192,0.144,1.564,0.017154473737660773,0.042615156051197846,1.170410605927761,0.6790622476610078,-0.7087045407912191,0.1913435069802153,-0.5995746544958886,-0.6858541820550701,-0.4124491176420513,0.4235383069897176,0.1653539077841165,-0.8906589626185804,0.6667350229696852,-0.7125847410750789,-0.21837443974187157,-0.7125847410750789,-0.6953336471106302,0.34641160313561714,-0.21837443974187157,-0.09345643895843891,-0.9123111340329215,0.0,0.0,0.0,0.0,0.0,0.0,0.0,0.0,0.0
1.1758898240077542,0.040639060000000005,-0.015792150000000005,1.14904837,0.01632155292547026,0.04165356503465466,1.1608175929076157,0.681022336687051,-0.6870397406149172,-0.2533475315630604,-0.6234484047159886,-0.7254857599890376,0.2915175787327709,-0.38408418815462525,-0.04058086826221946,-0.9224058377637725,0.6922488451775878,-0.6848817626493002,0.2274390193891183,-0.6848817626493002,-0.7200395989727902,-0.3569037556257114,0.2274390193891183,0.11171368359109392,-0.9060304639909074,0.63557,-0.67434,-0.37592,-0.74228,-0.66763,-0.05734,-0.21231,0.31548,-0.92487
1.1927060340094613,0.0401531,-0.015548380000000028,1.15736977,0.016162266986133773,0.04189592531691647,1.1807479667110754,0.7131670890085301,-0.6805829901205428,-0.16792705771756838,-0.6130354225813818,-0.7217017158950172,0.3214563795208525,-0.3399709896675966,-0.12630687563537013,-0.9319153928075585,0.7225444582772317,-0.6762945507515069,0.1433708005023312,-0.6762945507515069,-0.7102164559125788,-0.3872227280785772,0.1433708005023312,0.1954949267239265,-0.9107707573383683,0.63634,-0.6736,-0.37593,-0.74164,-0.66829,-0.05794,-0.2122,0.31568,-0.92483
1.2095376200013561,0.04123806999999999,-0.01609440000000001,1.16202607,0.016282273101247174,0.04229339541137888,1.1924511380630958,0.6803878621086432,-0.6865021197966094,-0.25649014914805485,-0.6208565417506599,-0.7259062840554313,0.29596827758097083,-0.3893706610167756,-0.04212963664212199,-0.9201171567011246,0.6917627756775426,-0.6842986714175248,0.23065036415126788,-0.6842986714175248,-0.7203344288802429,-0.36130928630479037,0.23065036415126788,0.11337388970122138,-0.9034688755827788,0.64315,-0.66982,-0.37108,-0.74206,-0.66477,-0.08619,-0.18895,0.3308,-0.92459
1.2263297629979206,0.04086909,-0.015449600000000008,1.16986491,0.016864798936247753,0.04155417602600305,1.2231159979845851,0.7475531090326748,-0.6596102320375233,0.07796596030952312,-0.5924416082050822,-0.7152482461434286,-0.37071941850424456,0.30029533803067504,0.23094217497060593,-0.9254665967915259,0.7393305301057,-0.6651879050265102,-0.10447687906933438,-0.6651879050265102,-0.7287102821326462,0.30673378450301847,-0.10447687906933438,-0.16280778765342246,-0.9460438505610549,0.64456,-0.67019,-0.36795,-0.74103,-0.66609,-0.08485,-0.18822,0.32735,-0.92597
1.2431344689975958,0.040626910000000016,-0.014686470000000035,1.17767156,0.01609708951021398,0.04051546982542005,1.2119823878580096,0.7135419732491878,-0.6802518581855946,-0.1676760622351915,-0.607576500235414,-0.7199788104977688,0.33538233226558567,-0.34886766656332624,-0.13743333609158775,-0.9270401444152223,0.7231070873801371,-0.675708650582972,0.143296754003548,-0.675708650582972,-0.7083242185650973,-0.3979220429485318,0.143296754003548,0.2041926074114418,-0.9061589750301619,0.64398,-0.67467,-0.3607,-0.74189,-0.66583,-0.07915,-0.18676,0.31857,-0.92932
1.2600188340002205,0.040472550000000024,-0.014044340000000016,1.18578439,0.015948385475715657,0.03971656477967922,1.202582394700447,0.6665235426932685,-0.7128055104824277,-0.21829949899507495,-0.6250962151196587,-0.6939464419684517,0.35734165377465266,-0.40620326054660405,-0.10171843444141379,-0.9081036676592027,0.677692106205032,-0.7092164568552234,0.19428182239496952,-0.7092164568552234,-0.6850095959600381,-0.41714635427511104,0.19428182239496952,0.16665494522632193,-0.8878307792602558,0.64396,-0.67809,-0.35427,-0.74243,-0.66568,-0.07537,-0.18472,0.31156,-0.9321
1.2767306360037765,0.04040626,-0.013869360000000025,1.19004708,0.01637830536893192,0.03908666835009624,1.224464586885952,0.7284729212143775,-0.68113262819069,0.07338627849560407,-0.6130123019267144,-0.6959187429126237,-0.37404948997348497,0.3058481988567235,0.22749823312930748,-0.9245006399019643,0.7205603912140789,-0.6863783150111361,-0.09837444432314076,-0.6863783150111361,-0.7083368977319888,0.3148948125175561,-0.09837444432314076,-0.1647532943339693,-0.944014685136649,0.64537,-0.67718,-0.35345,-0.74145,-0.66662,-0.07663,-0.18373,0.31152,-0.93231
