0.038006720636513114,-0.9922908262283068,-0.11795933778045045,-0.9809157694709278,-0.014522201651147815,-0.19389006901453465,0.19068230749001244,0.12307730027242131,-0.9739056606098645
0.038006720636513114,-0.9922908262283068,-0.11795933778045045,-0.9809157694709278,-0.014522201651147815,-0.19389006901453465,0.19068230749001244,0.12307730027242131,-0.9739056606098645
0.038006720636513114,-0.9922908262283068,-0.11795933778045045,-0.9809157694709278,-0.014522201651147815,-0.19389006901453465,0.19068230749001244,0.12307730027242131,-0.9739056606098645
0.038006720636513114,-0.9922908262283068,-0.11795933778045045,-0.9809157694709278,-0.014522201651147815,-0.19389006901453465,0.19068230749001244,0.12307730027242131,-0.9739056606098645
0.038006720636513114,-0.9922908262283068,-0.11795933778045045,-0.9809157694709278,-0.014522201651147815,-0.19389006901453465,0.19068230749001244,0.12307730027242131,-0.9739056606098645
0.038006720636513114,-0.9922908262283068,-0.11795933778045045,-0.9809157694709278,-0.014522201651147815,-0.19389006901453465,0.19068230749001244,0.12307730027242131,-0.9739056606098645
0.038006720636513114,-0.9922908262283068,-0.11795933778045045,-0.9809157694709278,-0.014522201651147815,-0.19389006901453465,0.19068230749001244,0.12307730027242131,-0.9739056606098645
0.038006720636513114,-0.9922908262283068,-0.11795933778045045,-0.9809157694709278,-0.014522201651147815,-0.19389006901453465,0.19068230749001244,0.12307730027242131,-0.9739056606098645
0.038006720636513114,-0.9922908262283068,-0.11795933778045045,-0.9809157694709278,-0.014522201651147815,-0.19389006901453465,0.19068230749001244,0.12307730027242131,-0.9739056606098645
0.038006720636513114,-0.9922908262283068,-0.11795933778045045,-0.9809157694709278,-0.014522201651147815,-0.19389006901453465,0.19068230749001244,0.12307730027242131,-0.9739056606098645
0.038006720636513114,-0.9922908262283068,-0.11795933778045045,-0.9809157694709278,-0.014522201651147815,-0.19389006901453465,0.19068230749001244,0.12307730027242131,-0.9739056606098645
0.038006720636513114,-0.9922908262283068,-0.11795933778045045,-0.9809157694709278,-0.014522201651147815,-0.19389006901453465,0.19068230749001244,0.12307730027242131,-0.9739056606098645
0.038006720636513114,-0.9922908262283068,-0.11795933778045045,-0.9809157694709278,-0.014522201651147815,-0.19389006901453465,0.19068230749001244,0.12307730027242131,-0.9739056606098645
0.038006720636513114,-0.9922908262283068,-0.11795933778045045,-0.9809157694709278,-0.014522201651147815,-0.19389006901453465,0.19068230749001244,0.12307730027242131,-0.9739056606098645
0.038006720636513114,-0.9922908262283068,-0.11795933778045045,-0.9809157694709278,-0.014522201651147815,-0.19389006901453465,0.19068230749001244,0.12307730027242131,-0.9739056606098645
0.038006720636513114,-0.9922908262283068,-0.11795933778045045,-0.9809157694709278,-0.014522201651147815,-0.19389006901453465,0.19068230749001244,0.12307730027242131,-0.9739056606098645
0.038006720636513114,-0.9922908262283068,-0.11795933778045045,-0.9809157694709278,-0.014522201651147815,-0.19389006901453465,0.19068230749001244,0.12307730027242131,-0.9739056606098645
0.038006720636513114,-0.9922908262283068,-0.11795933778045045,-0.9809157694709278,-0.014522201651147815,-0.19389006901453465,0.19068230749001244,0.12307730027242131,-0.9739056606098645
0.038006720636513114,-0.9922908262283068,-0.11795933778045045,-0.9809157694709278,-0.014522201651147815,-0.19389006901453465,0.19068230749001244,0.12307730027242131,-0.9739056606098645
0.038006720636513114,-0.9922908262283068,-0.11795933778045045,-0.9809157694709278,-0.014522201651147815,-0.19389006901453465,0.19068230749001244,0.12307730027242131,-0.9739056606098645
0.038006720636513114,-0.9922908262283068,-0.11795933778045045,-0.9809157694709278,-0.014522201651147815,-0.19389006901453465,0.19068230749001244,0.12307730027242131,-0.9739056606098645
0.038006720636513114,-0.9922908262283068,-0.11795933778045045,-0.9809157694709278,-0.014522201651147815,-0.19389006901453465,0.19068230749001244,0.12307730027242131,-0.9739056606098645
0.038006720636513114,-0.9922908262283068,-0.11795933778045045,-0.9809157694709278,-0.014522201651147815,-0.19389006901453465,0.19068230749001244,0.12307730027242131,-0.9739056606098645
0.038006720636513114,-0.9922908262283068,-0.11795933778045045,-0.9809157694709278,-0.014522201651147815,-0.19389006901453465,0.19068230749001244,0.12307730027242131,-0.9739056606098645
0.038006720636513114,-0.9922908262283068,-0.11795933778045045,-0.9809157694709278,-0.014522201651147815,-0.19389006901453465,0.19068230749001244,0.12307730027242131,-0.9739056606098645
0.038006720636513114,-0.9922908262283068,-0.11795933778045045,-0.9809157694709278,-0.014522201651147815,-0.19389006901453465,0.19068230749001244,0.12307730027242131,-0.9739056606098645
0.038006720636513114,-0.9922908262283068,-0.11795933778045045,-0.9809157694709278,-0.014522201651147815,-0.19389006901453465,0.19068230749001244,0.12307730027242131,-0.9739056606098645
0.038006720636513114,-0.9922908262283068,-0.11795933778045045,-0.9809157694709278,-0.014522201651147815,-0.19389006901453465,0.19068230749001244,0.12307730027242131,-0.9739056606098645
0.038006720636513114,-0.9922908262283068,-0.11795933778045045,-0.9809157694709278,-0.014522201651147815,-0.19389006901453465,0.19068230749001244,0.12307730027242131,-0.9739056606098645
0.038006720636513114,-0.9922908262283068,-0.11795933778045045,-0.9809157694709278,-0.014522201651147815,-0.19389006901453465,0.19068230749001244,0.12307730027242131,-0.9739056606098645
0.038006720636513114,-0.9922908262283068,-0.11795933778045045,-0.9809157694709278,-0.014522201651147815,-0.19389006901453465,0.19068230749001244,0.12307730027242131,-0.9739056606098645
0.038006720636513114,-0.9922908262283068,-0.11795933778045045,-0.9809157694709278,-0.014522201651147815,-0.19389006901453465,0.19068230749001244,0.12307730027242131,-0.9739056606098645
0.038006720636513114,-0.9922908262283068,-0.11795933778045045,-0.9809157694709278,-0.014522201651147815,-0.19389006901453465,0.19068230749001244,0.12307730027242131,-0.9739056606098645
0.038006720636513114,-0.9922908262283068,-0.11795933778045045,-0.9809157694709278,-0.014522201651147815,-0.19389006901453465,0.19068230749001244,0.12307730027242131,-0.9739056606098645
0.038006720636513114,-0.9922908262283068,-0.11795933778045045,-0.9809157694709278,-0.014522201651147815,-0.19389006901453465,0.19068230749001244,0.12307730027242131,-0.9739056606098645
0.038006720636513114,-0.9922908262283068,-0.11795933778045045,-0.9809157694709278,-0.014522201651147815,-0.19389006901453465,0.19068230749001244,0.12307730027242131,-0.9739056606098645
0.038006720636513114,-0.9922908262283068,-0.11795933778045045,-0.9809157694709278,-0.014522201651147815,-0.19389006901453465,0.19068230749001244,0.12307730027242131,-0.9739056606098645
0.038006720636513114,-0.9922908262283068,-0.11795933778045045,-0.9809157694709278,-0.014522201651147815,-0.19389006901453465,0.19068230749001244,0.12307730027242131,-0.9739056606098645
0.038006720636513114,-0.9922908262283068,-0.11795933778045045,-0.9809157694709278,-0.014522201651147815,-0.19389006901453465,0.19068230749001244,0.12307730027242131,-0.9739056606098645
0.038006720636513114,-0.9922908262283068,-0.11795933778045045,-0.9809157694709278,-0.014522201651147815,-0.19389006901453465,0.19068230749001244,0.12307730027242131,-0.9739056606098645
0.038006720636513114,-0.9922908262283068,-0.11795933778045045,-0.9809157694709278,-0.014522201651147815,-0.19389006901453465,0.19068230749001244,0.12307730027242131,-0.9739056606098645
0.038006720636513114,-0.9922908262283068,-0.11795933778045045,-0.9809157694709278,-0.014522201651147815,-0.19389006901453465,0.19068230749001244,0.12307730027242131,-0.9739056606098645
0.038006720636513114,-0.9922908262283068,-0.11795933778045045,-0.9809157694709278,-0.014522201651147815,-0.19389006901453465,0.19068230749001244,0.12307730027242131,-0.9739056606098645
0.038006720636513114,-0.9922908262283068,-0.11795933778045045,-0.9809157694709278,-0.014522201651147815,-0.19389006901453465,0.19068230749001244,0.12307730027242131,-0.9739056606098645
0.038006720636513114,-0.9922908262283068,-0.11795933778045045,-0.9809157694709278,-0.014522201651147815,-0.19389006901453465,0.19068230749001244,0.12307730027242131,-0.9739056606098645
0.038006720636513114,-0.9922908262283068,-0.11795933778045045,-0.9809157694709278,-0.014522201651147815,-0.19389006901453465,0.19068230749001244,0.12307730027242131,-0.9739056606098645
0.038006720636513114,-0.9922908262283068,-0.11795933778045045,-0.9809157694709278,-0.014522201651147815,-0.19389006901453465,0.19068230749001244,0.12307730027242131,-0.9739056606098645
0.038006720636513114,-0.9922908262283068,-0.11795933778045045,-0.9809157694709278,-0.014522201651147815,-0.19389006901453465,0.19068230749001244,0.12307730027242131,-0.9739056606098645
0.038006720636513114,-0.9922908262283068,-0.11795933778045045,-0.9809157694709278,-0.014522201651147815,-0.19389006901453465,0.19068230749001244,0.12307730027242131,-0.9739056606098645
0.038006720636513114,-0.9922908262283068,-0.11795933778045045,-0.9809157694709278,-0.014522201651147815,-0.19389006901453465,0.19068230749001244,0.12307730027242131,-0.9739056606098645
0.038006720636513114,-0.9922908262283068,-0.11795933778045045,-0.9809157694709278,-0.014522201651147815,-0.19389006901453465,0.19068230749001244,0.12307730027242131,-0.9739056606098645
0.038006720636513114,-0.9922908262283068,-0.11795933778045045,-0.9809157694709278,-0.014522201651147815,-0.19389006901453465,0.19068230749001244,0.12307730027242131,-0.9739056606098645
0.038006720636513114,-0.9922908262283068,-0.11795933778045045,-0.9809157694709278,-0.014522201651147815,-0.19389006901453465,0.19068230749001244,0.12307730027242131,-0.9739056606098645
0.038006720636513114,-0.9922908262283068,-0.11795933778045045,-0.9809157694709278,-0.014522201651147815,-0.19389006901453465,0.19068230749001244,0.12307730027242131,-0.9739056606098645
0.038006720636513114,-0.9922908262283068,-0.11795933778045045,-0.9809157694709278,-0.014522201651147815,-0.19389006901453465,0.19068230749001244,0.12307730027242131,-0.9739056606098645
0.038006720636513114,-0.9922908262283068,-0.11795933778045045,-0.9809157694709278,-0.014522201651147815,-0.19389006901453465,0.19068230749001244,0.12307730027242131,-0.9739056606098645
0.038006720636513114,-0.9922908262283068,-0.11795933778045045,-0.9809157694709278,-0.014522201651147815,-0.19389006901453465,0.19068230749001244,0.12307730027242131,-0.9739056606098645
0.038006720636513114,-0.9922908262283068,-0.11795933778045045,-0.9809157694709278,-0.014522201651147815,-0.19389006901453465,0.19068230749001244,0.12307730027242131,-0.9739056606098645
0.038006720636513114,-0.9922908262283068,-0.11795933778045045,-0.9809157694709278,-0.014522201651147815,-0.19389006901453465,0.19068230749001244,0.12307730027242131,-0.9739056606098645
0.038006720636513114,-0.9922908262283068,-0.11795933778045045,-0.9809157694709278,-0.014522201651147815,-0.19389006901453465,0.19068230749001244,0.12307730027242131,-0.9739056606098645
0.038006720636513114,-0.9922908262283068,-0.11795933778045045,-0.9809157694709278,-0.014522201651147815,-0.19389006901453465,0.19068230749001244,0.12307730027242131,-0.9739056606098645
0.038006720636513114,-0.9922908262283068,-0.11795933778045045,-0.9809157694709278,-0.014522201651147815,-0.19389006901453465,0.19068230749001244,0.12307730027242131,-0.9739056606098645
0.038006720636513114,-0.9922908262283068,-0.11795933778045045,-0.9809157694709278,-0.014522201651147815,-0.19389006901453465,0.19068230749001244,0.12307730027242131,-0.9739056606098645
0.038006720636513114,-0.9922908262283068,-0.11795933778045045,-0.9809157694709278,-0.014522201651147815,-0.19389006901453465,0.19068230749001244,0.12307730027242131,-0.9739056606098645
0.038006720636513114,-0.9922908262283068,-0.11795933778045045,-0.9809157694709278,-0.014522201651147815,-0.19389006901453465,0.19068230749001244,0.12307730027242131,-0.9739056606098645
0.038006720636513114,-0.9922908262283068,-0.11795933778045045,-0.9809157694709278,-0.014522201651147815,-0.19389006901453465,0.19068230749001244,0.12307730027242131,-0.9739056606098645
0.038006720636513114,-0.9922908262283068,-0.11795933778045045,-0.9809157694709278,-0.014522201651147815,-0.19389006901453465,0.19068230749001244,0.12307730027242131,-0.9739056606098645
0.1475779326248583,-0.9349087161559815,0.3227482707277414,-0.9824639810074447,-0.10097341801960191,0.1567446805363498,-0.11395297198922233,-0.3402206068259437,-0.9334155874345629
0.038006720636513114,-0.9922908262283068,-0.11795933778045045,-0.9809157694709278,-0.014522201651147815,-0.19389006901453465,0.19068230749001244,0.12307730027242131,-0.9739056606098645
0.038006720636513114,-0.9922908262283068,-0.11795933778045045,-0.9809157694709278,-0.014522201651147815,-0.19389006901453465,0.19068230749001244,0.12307730027242131,-0.9739056606098645
0.15134806047287952,-0.9269965274619766,0.3431780917607279,-0.9765299760924745,-0.08639617355926621,0.1972939608481422,-0.15324154261794934,-0.36498375205994316,-0.9183157901007241
0.038006720636513114,-0.9922908262283068,-0.11795933778045045,-0.9809157694709278,-0.014522201651147815,-0.19389006901453465,0.19068230749001244,0.12307730027242131,-0.9739056606098645
0.19845414206778267,-0.9209893707562552,0.335252938018651,-0.96878976923157,-0.13249133095228616,0.20950520340729734,-0.14853395749249265,-0.36636679185822624,-0.918538533375236
0.1877844184221188,-0.9399786545658609,0.28491602474838207,-0.971953319206894,-0.13602200920070828,0.19184566269713857,-0.1415759777665986,-0.31295070214581167,-0.9391581871792819
0.038006720636513114,-0.9922908262283068,-0.11795933778045045,-0.9809157694709278,-0.014522201651147815,-0.19389006901453465,0.19068230749001244,0.12307730027242131,-0.9739056606098645
0.0211297792333196,-0.996302794059543,-0.08327229418419552,-0.9986698542758272,-0.024951299139352456,0.045121556178358474,-0.04703248441502322,0.0822081213774318,-0.9955047816004421
0.23291666096806085,-0.936433558173098,0.2623776289449238,-0.9494618304754603,-0.1605935921015872,0.2696885808596596,-0.21040927145370167,-0.3119325076089053,-0.9265128435068467
0.038006720636513114,-0.9922908262283068,-0.11795933778045045,-0.9809157694709278,-0.014522201651147815,-0.19389006901453465,0.19068230749001244,0.12307730027242131,-0.9739056606098645
0.2790437264847867,-0.917318439224559,0.28400964731519657,-0.9225419467265246,-0.1739887012351854,0.3444478021014613,-0.26655385054340813,-0.3581268112011613,-0.8948151942492764
0.038006720636513114,-0.9922908262283068,-0.11795933778045045,-0.9809157694709278,-0.014522201651147815,-0.19389006901453465,0.19068230749001244,0.12307730027242131,-0.9739056606098645
0.038006720636513114,-0.9922908262283068,-0.11795933778045045,-0.9809157694709278,-0.014522201651147815,-0.19389006901453465,0.19068230749001244,0.12307730027242131,-0.9739056606098645
0.3385740528504396,-0.9158791140848447,0.21571522690711434,-0.9135596419381232,-0.2650649461159411,0.30846289073799676,-0.2253361741006444,-0.30150625652499025,-0.9264543085970137
0.038006720636513114,-0.9922908262283068,-0.11795933778045045,-0.9809157694709278,-0.014522201651147815,-0.19389006901453465,0.19068230749001244,0.12307730027242131,-0.9739056606098645
0.35220491988261393,-0.905469806086124,0.23680397943623743,-0.9219109008816809,-0.2920257838605044,0.2545608618703695,-0.1613443065187261,-0.3079697579747315,-0.9376154024582662
0.038006720636513114,-0.9922908262283068,-0.11795933778045045,-0.9809157694709278,-0.014522201651147815,-0.19389006901453465,0.19068230749001244,0.12307730027242131,-0.9739056606098645
0.3654988026169802,-0.8920781244946364,0.26572023837804604,-0.9260689805657277,-0.31972314028118054,0.2004329234499523,-0.0938449173877177,-0.3193332637964177,-0.9429843042774465
0.038006720636513114,-0.9922908262283068,-0.11795933778045045,-0.9809157694709278,-0.014522201651147815,-0.19389006901453465,0.19068230749001244,0.12307730027242131,-0.9739056606098645
0.37749633101790747,-0.883710648328227,0.2766803391990889,-0.9241572059408653,-0.3406340265615606,0.1729217125060678,-0.05856602065696043,-0.32097344123737487,-0.9452756588660505
0.038006720636513114,-0.9922908262283068,-0.11795933778045045,-0.9809157694709278,-0.014522201651147815,-0.19389006901453465,0.19068230749001244,0.12307730027242131,-0.9739056606098645
0.37749633101790747,-0.883710648328227,0.2766803391990889,-0.9241572059408653,-0.3406340265615606,0.1729217125060678,-0.05856602065696043,-0.32097344123737487,-0.9452756588660505
0.038006720636513114,-0.9922908262283068,-0.11795933778045045,-0.9809157694709278,-0.014522201651147815,-0.19389006901453465,0.19068230749001244,0.12307730027242131,-0.9739056606098645
0.3732380471536607,-0.8889080816315099,0.2655857348712666,-0.9275520675791041,-0.3518524131765094,0.12588503196010292,-0.018453240546064634,-0.29332968099402407,-0.9558332365853853
0.038006720636513114,-0.9922908262283068,-0.11795933778045045,-0.9809157694709278,-0.014522201651147815,-0.19389006901453465,0.19068230749001244,0.12307730027242131,-0.9739056606098645
0.3283421966991119,-0.8998644156574749,0.28711571761266036,-0.9427581730905903,-0.33096967887511364,0.04081787275442883,0.05829604564371471,-0.2840829194068795,-0.9570258439371271
0.038006720636513114,-0.9922908262283068,-0.11795933778045045,-0.9809157694709278,-0.014522201651147815,-0.19389006901453465,0.19068230749001244,0.12307730027242131,-0.9739056606098645
0.2906283383436511,-0.8692574513401894,0.39990830479144274,-0.9483734734522855,-0.31715568390468996,-0.0001643745569241961,0.12697607571371222,-0.3792146561731311,-0.9165551378612415
0.038006720636513114,-0.9922908262283068,-0.11795933778045045,-0.9809157694709278,-0.014522201651147815,-0.19389006901453465,0.19068230749001244,0.12307730027242131,-0.9739056606098645
0.038006720636513114,-0.9922908262283068,-0.11795933778045045,-0.9809157694709278,-0.014522201651147815,-0.19389006901453465,0.19068230749001244,0.12307730027242131,-0.9739056606098645
0.038006720636513114,-0.9922908262283068,-0.11795933778045045,-0.9809157694709278,-0.014522201651147815,-0.19389006901453465,0.19068230749001244,0.12307730027242131,-0.9739056606098645
0.038006720636513114,-0.9922908262283068,-0.11795933778045045,-0.9809157694709278,-0.014522201651147815,-0.19389006901453465,0.19068230749001244,0.12307730027242131,-0.9739056606098645
0.038006720636513114,-0.9922908262283068,-0.11795933778045045,-0.9809157694709278,-0.014522201651147815,-0.19389006901453465,0.19068230749001244,0.12307730027242131,-0.9739056606098645
0.038006720636513114,-0.9922908262283068,-0.11795933778045045,-0.9809157694709278,-0.014522201651147815,-0.19389006901453465,0.19068230749001244,0.12307730027242131,-0.9739056606098645
0.038006720636513114,-0.9922908262283068,-0.11795933778045045,-0.9809157694709278,-0.014522201651147815,-0.19389006901453465,0.19068230749001244,0.12307730027242131,-0.9739056606098645
0.038006720636513114,-0.9922908262283068,-0.11795933778045045,-0.9809157694709278,-0.014522201651147815,-0.19389006901453465,0.19068230749001244,0.12307730027242131,-0.9739056606098645
0.038006720636513114,-0.9922908262283068,-0.11795933778045045,-0.9809157694709278,-0.014522201651147815,-0.19389006901453465,0.19068230749001244,0.12307730027242131,-0.9739056606098645
0.5197913892764928,-0.7834447525066681,0.3406335735123299,-0.8400060346303475,-0.5413294719573362,0.0367731501912906,0.15558526092986383,-0.3052486241740612,-0.9394767181900938
0.038006720636513114,-0.9922908262283068,-0.11795933778045045,-0.9809157694709278,-0.014522201651147815,-0.19389006901453465,0.19068230749001244,0.12307730027242131,-0.9739056606098645
0.41659597056648223,-0.08193275540219541,-0.9053920813106191,-0.9020588398336962,-0.16089759898410583,-0.40050195020628276,-0.11286118369774734,0.9835644291216279,-0.14093745769308258
0.038006720636513114,-0.9922908262283068,-0.11795933778045045,-0.9809157694709278,-0.014522201651147815,-0.19389006901453465,0.19068230749001244,0.12307730027242131,-0.9739056606098645
0.4122616714257992,-0.0951119008206967,-0.9060872146738856,-0.8991255613832023,-0.20295931500591552,-0.3877895580333109,-0.14701543844286363,0.9745569469120845,-0.16918988765540643
0.038006720636513114,-0.9922908262283068,-0.11795933778045045,-0.9809157694709278,-0.014522201651147815,-0.19389006901453465,0.19068230749001244,0.12307730027242131,-0.9739056606098645
0.4138800399398953,-0.15852205667366864,-0.8964229303667446,-0.8962050388464036,-0.2437569126043267,-0.3706738403285606,-0.15974930636991064,0.9567932509719941,-0.24295438668354102
0.038006720636513114,-0.9922908262283068,-0.11795933778045045,-0.9809157694709278,-0.014522201651147815,-0.19389006901453465,0.19068230749001244,0.12307730027242131,-0.9739056606098645
0.42226405230320563,-0.2099724080657664,-0.8818189485282901,-0.8830899010107118,-0.31481837261287987,-0.3479103605790857,-0.2045612301130575,0.9256354466616117,-0.31836099481279345
0.038006720636513114,-0.9922908262283068,-0.11795933778045045,-0.9809157694709278,-0.014522201651147815,-0.19389006901453465,0.19068230749001244,0.12307730027242131,-0.9739056606098645
0.6493250369668078,-0.7532198384204071,0.10505651516203515,-0.744688587843701,-0.6577515901750868,-0.11314483089164702,0.15432402114839236,-0.004766616418474423,-0.9880087934145675
0.038006720636513114,-0.9922908262283068,-0.11795933778045045,-0.9809157694709278,-0.014522201651147815,-0.19389006901453465,0.19068230749001244,0.12307730027242131,-0.9739056606098645
0.4150483936999021,-0.1958814740623503,-0.8884623115283465,-0.8674062032305565,-0.3798182709535703,-0.3214724866096492,-0.27448371442452185,0.9040843595422947,-0.32755176895678106
0.038006720636513114,-0.9922908262283068,-0.11795933778045045,-0.9809157694709278,-0.014522201651147815,-0.19389006901453465,0.19068230749001244,0.12307730027242131,-0.9739056606098645
0.038006720636513114,-0.9922908262283068,-0.11795933778045045,-0.9809157694709278,-0.014522201651147815,-0.19389006901453465,0.19068230749001244,0.12307730027242131,-0.9739056606098645
0.3760286494487447,-0.21546155141408863,-0.901209617489731,-0.8579667065155215,-0.44832145460886047,-0.250800725374359,-0.3499936932355528,0.8675161054410632,-0.35344054874293673
0.038006720636513114,-0.9922908262283068,-0.11795933778045045,-0.9809157694709278,-0.014522201651147815,-0.19389006901453465,0.19068230749001244,0.12307730027242131,-0.9739056606098645
0.7299588925846326,-0.6691704891199234,0.13917927872933764,-0.631117084578808,-0.7380764626958567,-0.23860922188196626,0.2623951994403899,0.0863365027400002,-0.9610904055317917
0.038006720636513114,-0.9922908262283068,-0.11795933778045045,-0.9809157694709278,-0.014522201651147815,-0.19389006901453465,0.19068230749001244,0.12307730027242131,-0.9739056606098645
0.3164807372402444,-0.22966859111493937,-0.9203761628873,-0.8419822186322858,-0.5149115386587529,-0.1610343157936498,-0.43692778174765284,0.8259046225874718,-0.35633645326533886
0.038006720636513114,-0.9922908262283068,-0.11795933778045045,-0.9809157694709278,-0.014522201651147815,-0.19389006901453465,0.19068230749001244,0.12307730027242131,-0.9739056606098645
0.038006720636513114,-0.9922908262283068,-0.11795933778045045,-0.9809157694709278,-0.014522201651147815,-0.19389006901453465,0.19068230749001244,0.12307730027242131,-0.9739056606098645
0.038006720636513114,-0.9922908262283068,-0.11795933778045045,-0.9809157694709278,-0.014522201651147815,-0.19389006901453465,0.19068230749001244,0.12307730027242131,-0.9739056606098645
0.038006720636513114,-0.9922908262283068,-0.11795933778045045,-0.9809157694709278,-0.014522201651147815,-0.19389006901453465,0.19068230749001244,0.12307730027242131,-0.9739056606098645
0.038006720636513114,-0.9922908262283068,-0.11795933778045045,-0.9809157694709278,-0.014522201651147815,-0.19389006901453465,0.19068230749001244,0.12307730027242131,-0.9739056606098645
0.038006720636513114,-0.9922908262283068,-0.11795933778045045,-0.9809157694709278,-0.014522201651147815,-0.19389006901453465,0.19068230749001244,0.12307730027242131,-0.9739056606098645
0.038006720636513114,-0.9922908262283068,-0.11795933778045045,-0.9809157694709278,-0.014522201651147815,-0.19389006901453465,0.19068230749001244,0.12307730027242131,-0.9739056606098645
0.038006720636513114,-0.9922908262283068,-0.11795933778045045,-0.9809157694709278,-0.014522201651147815,-0.19389006901453465,0.19068230749001244,0.12307730027242131,-0.9739056606098645
0.038006720636513114,-0.9922908262283068,-0.11795933778045045,-0.9809157694709278,-0.014522201651147815,-0.19389006901453465,0.19068230749001244,0.12307730027242131,-0.9739056606098645
0.038006720636513114,-0.9922908262283068,-0.11795933778045045,-0.9809157694709278,-0.014522201651147815,-0.19389006901453465,0.19068230749001244,0.12307730027242131,-0.9739056606098645
0.038006720636513114,-0.9922908262283068,-0.11795933778045045,-0.9809157694709278,-0.014522201651147815,-0.19389006901453465,0.19068230749001244,0.12307730027242131,-0.9739056606098645
0.038006720636513114,-0.9922908262283068,-0.11795933778045045,-0.9809157694709278,-0.014522201651147815,-0.19389006901453465,0.19068230749001244,0.12307730027242131,-0.9739056606098645
0.038006720636513114,-0.9922908262283068,-0.11795933778045045,-0.9809157694709278,-0.014522201651147815,-0.19389006901453465,0.19068230749001244,0.12307730027242131,-0.9739056606098645
0.038006720636513114,-0.9922908262283068,-0.11795933778045045,-0.9809157694709278,-0.014522201651147815,-0.19389006901453465,0.19068230749001244,0.12307730027242131,-0.9739056606098645
0.038006720636513114,-0.9922908262283068,-0.11795933778045045,-0.9809157694709278,-0.014522201651147815,-0.19389006901453465,0.19068230749001244,0.12307730027242131,-0.9739056606098645
-0.00838571784579667,-0.9901818935662727,-0.1395331408294147,-0.9833685259942628,-0.017151098876261872,0.18080979478780307,-0.18142773167319665,0.13872871894761835,-0.9735698848665519
0.038006720636513114,-0.9922908262283068,-0.11795933778045045,-0.9809157694709278,-0.014522201651147815,-0.19389006901453465,0.19068230749001244,0.12307730027242131,-0.9739056606098645
0.038006720636513114,-0.9922908262283068,-0.11795933778045045,-0.9809157694709278,-0.014522201651147815,-0.19389006901453465,0.19068230749001244,0.12307730027242131,-0.9739056606098645
0.038006720636513114,-0.9922908262283068,-0.11795933778045045,-0.9809157694709278,-0.014522201651147815,-0.19389006901453465,0.19068230749001244,0.12307730027242131,-0.9739056606098645
0.038006720636513114,-0.9922908262283068,-0.11795933778045045,-0.9809157694709278,-0.014522201651147815,-0.19389006901453465,0.19068230749001244,0.12307730027242131,-0.9739056606098645
0.038006720636513114,-0.9922908262283068,-0.11795933778045045,-0.9809157694709278,-0.014522201651147815,-0.19389006901453465,0.19068230749001244,0.12307730027242131,-0.9739056606098645
0.038006720636513114,-0.9922908262283068,-0.11795933778045045,-0.9809157694709278,-0.014522201651147815,-0.19389006901453465,0.19068230749001244,0.12307730027242131,-0.9739056606098645
0.038006720636513114,-0.9922908262283068,-0.11795933778045045,-0.9809157694709278,-0.014522201651147815,-0.19389006901453465,0.19068230749001244,0.12307730027242131,-0.9739056606098645
0.038006720636513114,-0.9922908262283068,-0.11795933778045045,-0.9809157694709278,-0.014522201651147815,-0.19389006901453465,0.19068230749001244,0.12307730027242131,-0.9739056606098645
0.038006720636513114,-0.9922908262283068,-0.11795933778045045,-0.9809157694709278,-0.014522201651147815,-0.19389006901453465,0.19068230749001244,0.12307730027242131,-0.9739056606098645
0.038006720636513114,-0.9922908262283068,-0.11795933778045045,-0.9809157694709278,-0.014522201651147815,-0.19389006901453465,0.19068230749001244,0.12307730027242131,-0.9739056606098645
0.038006720636513114,-0.9922908262283068,-0.11795933778045045,-0.9809157694709278,-0.014522201651147815,-0.19389006901453465,0.19068230749001244,0.12307730027242131,-0.9739056606098645
0.038006720636513114,-0.9922908262283068,-0.11795933778045045,-0.9809157694709278,-0.014522201651147815,-0.19389006901453465,0.19068230749001244,0.12307730027242131,-0.9739056606098645
0.038006720636513114,-0.9922908262283068,-0.11795933778045045,-0.9809157694709278,-0.014522201651147815,-0.19389006901453465,0.19068230749001244,0.12307730027242131,-0.9739056606098645
0.038006720636513114,-0.9922908262283068,-0.11795933778045045,-0.9809157694709278,-0.014522201651147815,-0.19389006901453465,0.19068230749001244,0.12307730027242131,-0.9739056606098645
0.038006720636513114,-0.9922908262283068,-0.11795933778045045,-0.9809157694709278,-0.014522201651147815,-0.19389006901453465,0.19068230749001244,0.12307730027242131,-0.9739056606098645
0.038006720636513114,-0.9922908262283068,-0.11795933778045045,-0.9809157694709278,-0.014522201651147815,-0.19389006901453465,0.19068230749001244,0.12307730027242131,-0.9739056606098645
0.038006720636513114,-0.9922908262283068,-0.11795933778045045,-0.9809157694709278,-0.014522201651147815,-0.19389006901453465,0.19068230749001244,0.12307730027242131,-0.9739056606098645
0.038006720636513114,-0.9922908262283068,-0.11795933778045045,-0.9809157694709278,-0.014522201651147815,-0.19389006901453465,0.19068230749001244,0.12307730027242131,-0.9739056606098645
0.038006720636513114,-0.9922908262283068,-0.11795933778045045,-0.9809157694709278,-0.014522201651147815,-0.19389006901453465,0.19068230749001244,0.12307730027242131,-0.9739056606098645
0.038006720636513114,-0.9922908262283068,-0.11795933778045045,-0.9809157694709278,-0.014522201651147815,-0.19389006901453465,0.19068230749001244,0.12307730027242131,-0.9739056606098645
0.038006720636513114,-0.9922908262283068,-0.11795933778045045,-0.9809157694709278,-0.014522201651147815,-0.19389006901453465,0.19068230749001244,0.12307730027242131,-0.9739056606098645
0.038006720636513114,-0.9922908262283068,-0.11795933778045045,-0.9809157694709278,-0.014522201651147815,-0.19389006901453465,0.19068230749001244,0.12307730027242131,-0.9739056606098645
0.038006720636513114,-0.9922908262283068,-0.11795933778045045,-0.9809157694709278,-0.014522201651147815,-0.19389006901453465,0.19068230749001244,0.12307730027242131,-0.9739056606098645
0.038006720636513114,-0.9922908262283068,-0.11795933778045045,-0.9809157694709278,-0.014522201651147815,-0.19389006901453465,0.19068230749001244,0.12307730027242131,-0.9739056606098645
0.038006720636513114,-0.9922908262283068,-0.11795933778045045,-0.9809157694709278,-0.014522201651147815,-0.19389006901453465,0.19068230749001244,0.12307730027242131,-0.9739056606098645
0.038006720636513114,-0.9922908262283068,-0.11795933778045045,-0.9809157694709278,-0.014522201651147815,-0.19389006901453465,0.19068230749001244,0.12307730027242131,-0.9739056606098645
0.038006720636513114,-0.9922908262283068,-0.11795933778045045,-0.9809157694709278,-0.014522201651147815,-0.19389006901453465,0.19068230749001244,0.12307730027242131,-0.9739056606098645
0.038006720636513114,-0.9922908262283068,-0.11795933778045045,-0.9809157694709278,-0.014522201651147815,-0.19389006901453465,0.19068230749001244,0.12307730027242131,-0.9739056606098645
0.038006720636513114,-0.9922908262283068,-0.11795933778045045,-0.9809157694709278,-0.014522201651147815,-0.19389006901453465,0.19068230749001244,0.12307730027242131,-0.9739056606098645
0.038006720636513114,-0.9922908262283068,-0.11795933778045045,-0.9809157694709278,-0.014522201651147815,-0.19389006901453465,0.19068230749001244,0.12307730027242131,-0.9739056606098645
0.038006720636513114,-0.9922908262283068,-0.11795933778045045,-0.9809157694709278,-0.014522201651147815,-0.19389006901453465,0.19068230749001244,0.12307730027242131,-0.9739056606098645
0.038006720636513114,-0.9922908262283068,-0.11795933778045045,-0.9809157694709278,-0.014522201651147815,-0.19389006901453465,0.19068230749001244,0.12307730027242131,-0.9739056606098645
0.038006720636513114,-0.9922908262283068,-0.11795933778045045,-0.9809157694709278,-0.014522201651147815,-0.19389006901453465,0.19068230749001244,0.12307730027242131,-0.9739056606098645
0.038006720636513114,-0.9922908262283068,-0.11795933778045045,-0.9809157694709278,-0.014522201651147815,-0.19389006901453465,0.19068230749001244,0.12307730027242131,-0.9739056606098645
-0.00838571784579667,-0.9901818935662727,-0.1395331408294147,-0.9833685259942628,-0.017151098876261872,0.18080979478780307,-0.18142773167319665,0.13872871894761835,-0.9735698848665519
0.038006720636513114,-0.9922908262283068,-0.11795933778045045,-0.9809157694709278,-0.014522201651147815,-0.19389006901453465,0.19068230749001244,0.12307730027242131,-0.9739056606098645
0.038006720636513114,-0.9922908262283068,-0.11795933778045045,-0.9809157694709278,-0.014522201651147815,-0.19389006901453465,0.19068230749001244,0.12307730027242131,-0.9739056606098645
0.038006720636513114,-0.9922908262283068,-0.11795933778045045,-0.9809157694709278,-0.014522201651147815,-0.19389006901453465,0.19068230749001244,0.12307730027242131,-0.9739056606098645
0.038006720636513114,-0.9922908262283068,-0.11795933778045045,-0.9809157694709278,-0.014522201651147815,-0.19389006901453465,0.19068230749001244,0.12307730027242131,-0.9739056606098645
0.038006720636513114,-0.9922908262283068,-0.11795933778045045,-0.9809157694709278,-0.014522201651147815,-0.19389006901453465,0.19068230749001244,0.12307730027242131,-0.9739056606098645
-0.00838571784579667,-0.9901818935662727,-0.1395331408294147,-0.9833685259942628,-0.017151098876261872,0.18080979478780307,-0.18142773167319665,0.13872871894761835,-0.9735698848665519
0.038006720636513114,-0.9922908262283068,-0.11795933778045045,-0.9809157694709278,-0.014522201651147815,-0.19389006901453465,0.19068230749001244,0.12307730027242131,-0.9739056606098645
0.0211297792333196,-0.996302794059543,-0.08327229418419552,-0.9986698542758272,-0.024951299139352456,0.045121556178358474,-0.04703248441502322,0.0822081213774318,-0.9955047816004421
0.038006720636513114,-0.9922908262283068,-0.11795933778045045,-0.9809157694709278,-0.014522201651147815,-0.19389006901453465,0.19068230749001244,0.12307730027242131,-0.9739056606098645
0.038006720636513114,-0.9922908262283068,-0.11795933778045045,-0.9809157694709278,-0.014522201651147815,-0.19389006901453465,0.19068230749001244,0.12307730027242131,-0.9739056606098645
0.038006720636513114,-0.9922908262283068,-0.11795933778045045,-0.9809157694709278,-0.014522201651147815,-0.19389006901453465,0.19068230749001244,0.12307730027242131,-0.9739056606098645
0.038006720636513114,-0.9922908262283068,-0.11795933778045045,-0.9809157694709278,-0.014522201651147815,-0.19389006901453465,0.19068230749001244,0.12307730027242131,-0.9739056606098645
0.038006720636513114,-0.9922908262283068,-0.11795933778045045,-0.9809157694709278,-0.014522201651147815,-0.19389006901453465,0.19068230749001244,0.12307730027242131,-0.9739056606098645
0.038006720636513114,-0.9922908262283068,-0.11795933778045045,-0.9809157694709278,-0.014522201651147815,-0.19389006901453465,0.19068230749001244,0.12307730027242131,-0.9739056606098645
-0.00838571784579667,-0.9901818935662727,-0.1395331408294147,-0.9833685259942628,-0.017151098876261872,0.18080979478780307,-0.18142773167319665,0.13872871894761835,-0.9735698848665519
0.038006720636513114,-0.9922908262283068,-0.11795933778045045,-0.9809157694709278,-0.014522201651147815,-0.19389006901453465,0.19068230749001244,0.12307730027242131,-0.9739056606098645
0.038006720636513114,-0.9922908262283068,-0.11795933778045045,-0.9809157694709278,-0.014522201651147815,-0.19389006901453465,0.19068230749001244,0.12307730027242131,-0.9739056606098645
0.038006720636513114,-0.9922908262283068,-0.11795933778045045,-0.9809157694709278,-0.014522201651147815,-0.19389006901453465,0.19068230749001244,0.12307730027242131,-0.9739056606098645
0.038006720636513114,-0.9922908262283068,-0.11795933778045045,-0.9809157694709278,-0.014522201651147815,-0.19389006901453465,0.19068230749001244,0.12307730027242131,-0.9739056606098645
0.038006720636513114,-0.9922908262283068,-0.11795933778045045,-0.9809157694709278,-0.014522201651147815,-0.19389006901453465,0.19068230749001244,0.12307730027242131,-0.9739056606098645
0.038006720636513114,-0.9922908262283068,-0.11795933778045045,-0.9809157694709278,-0.014522201651147815,-0.19389006901453465,0.19068230749001244,0.12307730027242131,-0.9739056606098645
-0.00838571784579667,-0.9901818935662727,-0.1395331408294147,-0.9833685259942628,-0.017151098876261872,0.18080979478780307,-0.18142773167319665,0.13872871894761835,-0.9735698848665519
0.038006720636513114,-0.9922908262283068,-0.11795933778045045,-0.9809157694709278,-0.014522201651147815,-0.19389006901453465,0.19068230749001244,0.12307730027242131,-0.9739056606098645
0.038006720636513114,-0.9922908262283068,-0.11795933778045045,-0.9809157694709278,-0.014522201651147815,-0.19389006901453465,0.19068230749001244,0.12307730027242131,-0.9739056606098645
0.038006720636513114,-0.9922908262283068,-0.11795933778045045,-0.9809157694709278,-0.014522201651147815,-0.19389006901453465,0.19068230749001244,0.12307730027242131,-0.9739056606098645
0.038006720636513114,-0.9922908262283068,-0.11795933778045045,-0.9809157694709278,-0.014522201651147815,-0.19389006901453465,0.19068230749001244,0.12307730027242131,-0.9739056606098645
0.0211297792333196,-0.996302794059543,-0.08327229418419552,-0.9986698542758272,-0.024951299139352456,0.045121556178358474,-0.04703248441502322,0.0822081213774318,-0.9955047816004421
0.038006720636513114,-0.9922908262283068,-0.11795933778045045,-0.9809157694709278,-0.014522201651147815,-0.19389006901453465,0.19068230749001244,0.12307730027242131,-0.9739056606098645
0.038006720636513114,-0.9922908262283068,-0.11795933778045045,-0.9809157694709278,-0.014522201651147815,-0.19389006901453465,0.19068230749001244,0.12307730027242131,-0.9739056606098645
0.0211297792333196,-0.996302794059543,-0.08327229418419552,-0.9986698542758272,-0.024951299139352456,0.045121556178358474,-0.04703248441502322,0.0822081213774318,-0.9955047816004421
0.038006720636513114,-0.9922908262283068,-0.11795933778045045,-0.9809157694709278,-0.014522201651147815,-0.19389006901453465,0.19068230749001244,0.12307730027242131,-0.9739056606098645
-0.00838571784579667,-0.9901818935662727,-0.1395331408294147,-0.9833685259942628,-0.017151098876261872,0.18080979478780307,-0.18142773167319665,0.13872871894761835,-0.9735698848665519
-0.00838571784579667,-0.9901818935662727,-0.1395331408294147,-0.9833685259942628,-0.017151098876261872,0.18080979478780307,-0.18142773167319665,0.13872871894761835,-0.9735698848665519
0.0211297792333196,-0.996302794059543,-0.08327229418419552,-0.9986698542758272,-0.024951299139352456,0.045121556178358474,-0.04703248441502322,0.0822081213774318,-0.9955047816004421
0.038006720636513114,-0.9922908262283068,-0.11795933778045045,-0.9809157694709278,-0.014522201651147815,-0.19389006901453465,0.19068230749001244,0.12307730027242131,-0.9739056606098645
0.038006720636513114,-0.9922908262283068,-0.11795933778045045,-0.9809157694709278,-0.014522201651147815,-0.19389006901453465,0.19068230749001244,0.12307730027242131,-0.9739056606098645
0.0211297792333196,-0.996302794059543,-0.08327229418419552,-0.9986698542758272,-0.024951299139352456,0.045121556178358474,-0.04703248441502322,0.0822081213774318,-0.9955047816004421
0.038006720636513114,-0.9922908262283068,-0.11795933778045045,-0.9809157694709278,-0.014522201651147815,-0.19389006901453465,0.19068230749001244,0.12307730027242131,-0.9739056606098645
0.038006720636513114,-0.9922908262283068,-0.11795933778045045,-0.9809157694709278,-0.014522201651147815,-0.19389006901453465,0.19068230749001244,0.12307730027242131,-0.9739056606098645
