-0.28190977105091397,-0.579423166742016,-0.7647193438305816,-0.8997257914071801,0.43645451003723335,0.0009802779616333024,0.3331972107667541,0.6883140667680798,-0.64436275825535
-0.22453577068239738,-0.9688669650758054,0.10430959528662792,-0.8957587233269398,0.1630693477732018,-0.41355132378039094,0.383666518304312,-0.18629329510645534,-0.9044859373868817
-0.1986305192004797,-0.9709352105143968,0.13353177084691137,-0.9047553815750685,0.1292770669910519,-0.40583880970299485,0.3767805944486795,-0.20142556176800247,-0.9041372278107701
-0.18331404796329487,-0.9753917787794388,0.12250239878791258,-0.9041180204698911,0.11835497884638768,-0.41056388545983447,0.38596186972409063,-0.18601875408612145,-0.9035654144816142
-0.1724106006193974,-0.9803737777357783,0.09561297360786267,-0.9171247854017185,0.12435339993592898,-0.37870616568287796,0.3593837959562326,-0.15298198538538532,-0.9205649348914148
-0.14591515148543088,-0.9884605219266576,0.04067634643701393,-0.9126850600038061,0.1186365114875012,-0.3910643928919195,0.3817260140635338,-0.09418691381798425,-0.9194640153114262
-0.2154034559396526,-0.7481943016443391,-0.6275401486408609,-0.9709454954507435,0.23269320135249782,0.05584549138682632,0.10424104773631276,0.6213365923807046,-0.7765788066484753
-0.2397241925938035,-0.8147369895376338,-0.5279544955433209,-0.9708409865304263,0.20134668648895282,0.13010492193821038,0.0003005958706278067,0.5437491606605684,-0.839247734535548
-0.22510932556316143,-0.7634021828547944,-0.6054278642059957,-0.9741674188094799,0.16487294924459872,0.15432028621494692,-0.017989765828766102,0.6245270352994519,-0.7807959723932387
-0.19607382082217573,-0.7773111522691701,-0.5977812554322597,-0.9804981400481924,0.163717766639345,0.10871931865432363,0.013358673221121997,0.6074404213127409,-0.7942529070800881
-0.17385962299220703,-0.7843582264084299,-0.5954452150772818,-0.9847016435705469,0.14561490925583953,0.09570251486705006,0.011640646136356403,0.6029746850970084,-0.7976753879177242
-0.16283770150089638,-0.7593911663824665,-0.6299277255290339,-0.9866260539951713,0.12061993755986222,0.10963512320863222,-0.007274101169350511,0.6393558376079255,-0.7688765833141532
-0.04315398060785547,-0.9959310233617714,0.0791146678136939,-0.9506993434389638,0.016594561335031344,-0.30966979012945484,0.30709687778031797,-0.08857774686495565,-0.9475470913985796
-0.09001165789138654,-0.7718327068460518,-0.6294220953274046,-0.9926078486186085,0.12118336455744816,-0.006652143660044407,0.08140982928603474,0.6241705414365796,-0.777035118188609
-0.07328235048796827,-0.7821733460687806,-0.6187362554485767,-0.9949148734436312,0.10031822287153636,-0.008980465496862988,0.06909480231972664,0.6149317936645207,-0.7855474507838043
-0.039496549456668695,-0.7988038722316821,-0.6002935917438121,-0.998625736571459,0.05226705402811349,-0.0038462085658724776,0.03444794388823397,0.5993167182474488,-0.7997704735678737
-0.02772653568543859,-0.8173530868030708,-0.5754695219665205,-0.999523545925023,0.030479362169171464,0.0048671987044481835,0.013561724092172989,0.5753302877263214,-0.8178087427170218
0.011409844001596059,-0.7926766225465383,-0.6095355506679427,-0.9979651365816524,0.029215750096117654,-0.05667473964550013,0.06273277952891354,0.6089418790118923,-0.7907302867337526
0.029335391784721776,-0.8214499383855306,-0.5695256214739117,-0.9993776895627872,-0.012938136247323873,-0.03281521346252941,0.019587454989931363,0.5701338468788308,-0.8213182868110045
0.096668288322728,-0.7920150923991891,-0.6027995814901153,-0.9895528017868516,-0.011393756726239324,-0.14371998741808814,0.10696024732837,0.6103951799609557,-0.7848421687013807
0.12404392791044239,-0.7923737594118769,-0.5972913270289788,-0.9881833400160134,-0.04402638600282904,-0.1468174507690641,0.09003771689323153,0.6084451517852858,-0.7884717539681653
0.1383080455297404,-0.9903845885277597,0.0030416029397471143,-0.9883464272706769,-0.13821926464031253,-0.06377126769619335,0.06357848883884772,0.005813921997339329,-0.9979599060423106
0.1304871938187514,-0.9914482391634493,-0.0018658266275133617,-0.9912678436110635,-0.1304990619123736,0.018922395796066173,-0.019004064617345284,-0.000619596390149137,-0.999819214472463
0.12800558934986395,-0.9917450271170571,0.0075080146365120795,-0.9858254738684376,-0.12640640017841964,0.11031571540811502,-0.10845600106617018,-0.021522620252218273,-0.9938682370667722
0.13857797664895377,-0.9895008734947941,-0.041038588437240606,-0.9879738988280546,-0.14099622155920122,0.06346369624061832,-0.06858366877307416,0.03175038360505181,-0.9971400069792392
0.1591763925992178,-0.9866351200214468,-0.03484273208812545,-0.987224498396951,-0.15881863642508054,-0.012823045229839833,0.007117991569822976,0.03643872479030152,-0.9993105390876594
0.16817863567980573,-0.9857563675315086,-0.0005747799262957442,-0.9853518185899537,-0.16812626573445644,0.028554375700710906,-0.028244293270490002,-0.004235875502369653,-0.9995920754269608
0.16428727116880903,-0.9863823060492404,0.007722619043431186,-0.9846909996000858,-0.16353318375969983,0.06033683051006918,-0.058252277539088584,-0.017516966700881077,-0.9981481994368918
0.1690416941072237,-0.9848124880171915,-0.039614001296868366,-0.985550917722067,-0.16933112973738795,0.004044388588030093,-0.010690847980903313,0.038357945034223254,-0.9992068723853939
0.1768723788376374,-0.9841631053672194,-0.011795916169004874,-0.984198305060202,-0.1769550739543999,0.0063716652782411,-0.00835810510464041,0.010482549105247149,-0.9999101250829076
0.18021243556834732,-0.9827583761554778,0.04134552167735934,-0.9817357434720994,-0.1771010108643568,0.06949936647270735,-0.060978750854777795,-0.05311502656566789,-0.9967248295779128
0.1958964154731031,-0.9760022432370192,0.09510108096702305,-0.9802819427025296,-0.19234138742730478,0.04530014893898688,-0.02592117312438858,-0.10210000920100912,-0.994436363426544
0.19600962553502654,-0.9775511719922023,0.07729122093931469,-0.9786402664956846,-0.19002574226053648,0.07844390397976927,-0.06199560864185088,-0.09101606130240797,-0.9939178140541213
0.20032284524227983,-0.9767621992157606,0.07619950037387645,-0.9788145658456225,-0.19616815349908368,0.058652376262223915,-0.042341508741224027,-0.08633459176917868,-0.9953660306146509
0.22300356371259267,-0.9692935809579352,0.10363090506806355,-0.9741664218993101,-0.2254768665934379,-0.012647730037439402,0.03562573529596785,-0.09813325911711876,-0.9945354043168468
0.20681199978215803,-0.9766940600833306,0.05742394747876134,-0.9777290646215814,-0.20417617859339598,0.04855887446394236,-0.035702562097303284,-0.06618762039034684,-0.9971682535895091
0.20755437225851525,-0.972707330855113,0.1037382815410761,-0.971807549507321,-0.19290447229738872,0.13556530267085998,-0.1118537852598185,-0.12895081647041967,-0.9853224942396589
0.2113920789920105,-0.9735012080095693,0.08722836088879368,-0.9710828689897999,-0.19905612345900658,0.13181320596970708,-0.11095697586891748,-0.11257023459770582,-0.9874292338130576
0.22000507344229314,-0.9721420279926462,0.08085570524085714,-0.9702317934455117,-0.2094626988210393,0.12155511009460862,-0.1012325770054138,-0.10519151682978889,-0.9892859597406056
0.22002293608901535,-0.9725448379906246,0.07580531440841337,-0.9743706265211461,-0.21537533815616927,0.06492569512068788,-0.046816554417831335,-0.08814761376183222,-0.9950066373751167
0.22748566684749905,-0.9698349220503867,0.08758136417337306,-0.9734719305241245,-0.22422430644357483,0.045561616318253575,-0.02454937597134637,-0.0956226143305977,-0.9951148897328385
0.21514978532603857,-0.9729015817215853,0.08469405030931634,-0.9725175828918496,-0.20554412717573278,0.10936710085652043,-0.08899506076380684,-0.10589676136314863,-0.9903866694844204
0.23548926217505362,-0.9641038718234922,0.12267245711731935,-0.9680365749280717,-0.22147280207409958,0.11770721109165241,-0.08631336513991962,-0.14647020951851705,-0.9854422767071771
0.2266738177697557,-0.9677936391735046,0.10951918696277765,-0.9739701398975883,-0.22535971935376153,0.02439597263209349,0.0010709461029927286,-0.1121983461023298,-0.9936852540952524
0.2337064471225596,-0.97137559645659,0.04255287513147221,-0.9721323222391045,-0.23427055165555488,-0.008721048389288215,0.01844029911245156,-0.03932886008526424,-0.9990561526426015
0.23118353753284793,-0.9713371175767218,0.05530258575820312,-0.972577304952329,-0.22924403217167666,0.03924996312527374,-0.025447158298365614,-0.0628599851369429,-0.9976978823286743
0.24822750150898398,-0.9671318495448302,0.055127970129536866,-0.9648783834211752,-0.2518982949292802,-0.07454498117419565,0.08598146719582701,-0.03468767227297352,-0.9956926999286154
0.24498555765655627,-0.9689730230867971,0.0327621285898642,-0.9694354361617484,-0.2452863067832427,-0.005437170083507709,0.013304572657019032,-0.030428740274120614,-0.9994483879179276
0.2507321674953654,-0.9677716237974359,0.02348327821133498,-0.9680555153476591,-0.2506235944753302,0.007505537771786336,-0.0013781828814856695,-0.024614996744664656,-0.9996960550823462
0.25353500314541144,-0.9672973061542816,-0.007478214140146218,-0.9662222096377677,-0.2528688324198476,-0.04971916324046747,0.046202205388544804,0.01983116479919563,-0.9987352407519932
0.23982972753444598,-0.9693073958156467,-0.05408210617055115,-0.9707887703565864,-0.239041583815242,-0.020695037005222253,0.007131980110767797,0.05746558643388143,-0.9983220127972284
0.2450977429009188,-0.969081046246542,0.028443316096810285,-0.9694566474435549,-0.2447095034184792,0.01646413265813774,-0.008994729144264696,-0.03160988361872186,-0.9994598091495386
0.2528390415741426,-0.9673306625454033,0.0185420698774154,-0.9675082382128032,-0.2527831147923645,0.005339088520268873,-0.0004775418573895133,-0.01928953538426116,-0.9998138255587555
0.27470849484743,-0.9610948762717544,0.02884235882937032,-0.9499574186474273,-0.2759201782457509,-0.14645462776419974,0.14871498113968712,0.012833317615292383,-0.988796824602308
0.23069154484118215,-0.9707508059020964,-0.06651529131876165,-0.9714443591644684,-0.2336747926929026,0.04113329925333759,-0.055473130309409216,0.055126800200625235,-0.9969371934647215
0.24667591466418215,-0.9690383459758092,-0.010755331378310314,-0.9668813530800016,-0.24684674250612904,0.064862429651518,-0.06550910006078914,-0.005600869805744896,-0.9978362531330702
0.247576205405727,-0.9687880814588827,-0.01247700846029087,-0.9666097449100792,-0.24785738484723763,0.06505626658178079,-0.0661182543763256,-0.004045985653138056,-0.997803591113162
0.24810921315898615,-0.9674289220553725,-0.05023046004575689,-0.9646260702263632,-0.25149422945675703,0.07903921298694268,-0.08909749146452901,0.028843254336704927,-0.9956051946901424
0.28660273157948046,-0.9573499483647187,-0.03660533591228194,-0.9495527544331316,-0.2787761112887154,-0.1436434694763211,0.1273123748880419,0.07592730826792468,-0.9889522754205858
0.2507791077059347,-0.965864276098659,-0.06493103491111739,-0.9663196028736231,-0.2537706853287962,0.04274183395593411,-0.057760403741479636,0.05202537288829993,-0.9969739697381546
0.2669682212592087,-0.9626734858681308,-0.04458394827957164,-0.9620611422387638,-0.2689286552842082,0.04599714079453861,-0.05627012912673157,0.03061270934643129,-0.9979461581641226
0.2632690362921488,-0.9631150239938172,-0.0556674508774397,-0.9647186873215757,-0.2629906094449119,-0.012401357842177298,-0.0026960827767780644,0.05696832366484601,-0.99837234598945
0.25057084174021527,-0.9668407359254875,-0.04932792945849123,-0.9633135589697285,-0.254068185070908,0.08646585707578563,-0.09613137039840525,0.025852440693998148,-0.995032869273919
0.26780586120038796,-0.9587016499752046,-0.09576621033297249,-0.96312135414768,-0.269067250545004,0.00026808373950399506,-0.026024563232801473,0.09216268778075232,-0.9954038181007593
0.2633660103288522,-0.9596398763164464,-0.09863900033362777,-0.9642436167007644,-0.2649937504700629,0.003543989791017929,-0.029539672565744975,0.0941786599775386,-0.9951169718930251
0.2637914841334321,-0.9640778068390252,-0.031113265002824526,-0.9625371023662812,-0.2651939560242442,0.05651983949494175,-0.06274057273410685,0.015038219597618883,-0.9979165658933267
0.2784450746957149,-0.9568737896471309,-0.08283049597845651,-0.9587850985764088,-0.2718471740660988,-0.08264531868232354,0.056563903025912916,0.10242882718558792,-0.9931308374206593
0.2739268813195682,-0.9590835394962712,-0.07157393350821953,-0.9616005941737574,-0.27181067618692634,-0.03799017761846134,0.01698119475217869,0.0792320678646585,-0.9967115522791329
0.2922082338468245,-0.9563009091257476,0.010144913867979645,-0.9550455088783577,-0.2923466636687405,-0.0492087818690448,0.05002423456084872,0.004690356812135473,-0.9987369906584896
0.2738283097704791,-0.960213369813051,-0.054848347290579275,-0.9583888399053422,-0.2772028798853622,0.0681864717385652,-0.08067768162965111,0.03389465762515975,-0.9961637736192468
0.2996651973016361,-0.9540378874547619,0.0035325383262518016,-0.9525270973385607,-0.29897780813546926,0.05748390277535585,-0.05378567060051813,-0.02059076354498693,-0.998340183552023
0.29562176231167026,-0.9540250800012748,-0.049436023063183274,-0.9553034235972053,-0.2951291301427854,-0.017151250817986283,0.0017727129493953393,0.052296685073951965,-0.9986300186851359
0.2820079999810038,-0.9592336039239138,-0.018503541548959418,-0.9471958473382891,-0.28143331874121136,0.15367274933249608,-0.152615578273696,-0.02581046697461349,-0.9879485336102978
0.30083778587799226,-0.9536734882333411,0.0018720119868335452,-0.9498177435461506,-0.2994439542103786,0.09044098811795201,-0.08569060994605077,-0.028986136819248064,-0.9959000568527795
0.3065037026869767,-0.9515184531626913,-0.02584789217813599,-0.9509600416701053,-0.3072846821001961,0.03537122125928318,-0.04159903107002709,0.013738902338273984,-0.9990399207121677
0.32205356528811147,-0.9464594120739255,-0.02227290690266632,-0.9421358934074254,-0.322717700654522,0.09073722520360808,-0.09306696212194698,-0.008238141837648323,-0.9956257698455051
0.3320928387022277,-0.9418951915112984,-0.050475684151784085,-0.9429601340183026,-0.33283524863701364,0.006847110114650036,-0.023249346977519673,0.04532268165755097,-0.9987018185587163
0.323878532699426,-0.942567607407503,-0.0816639548550125,-0.9403160664939826,-0.33022635999014216,0.08219638836922663,-0.10444324367688994,0.050168283145390236,-0.9932646939343479
0.3360421993492142,-0.9398981874673265,-0.06055606866513255,-0.9348828815727197,-0.3406715467609479,0.09968397549150354,-0.11432251746191446,0.023114809606336557,-0.993174741713679
0.3452490394171034,-0.936518954427677,-0.06111749977918214,-0.9328910755588852,-0.3495692034211193,0.08669263614696976,-0.10255409267383826,0.027085420750193396,-0.9943586063682612
0.3492034871959995,-0.9358595588567187,-0.04715729664284023,-0.931093445326379,-0.35220907673533974,0.09494083597426656,-0.1054605167842745,0.010754178803942915,-0.9943653388155917
0.3510252045243707,-0.9344624840107748,-0.05967555416614659,-0.9240338185857263,-0.3560071948419742,0.1393570211027421,-0.15146883474334044,0.006224403357866698,-0.9884424358071304
0.3500799811605615,-0.9364125559769545,-0.02399024383636854,-0.9244889077035281,-0.3495207700073295,0.15216928358450438,-0.15087831628089887,-0.031092705610653762,-0.988063245614394
0.35926709300753723,-0.9314256401409672,-0.058081260057806006,-0.9199770896421321,-0.36392994800218625,0.14559240186465167,-0.15674600605918293,0.0011268696088295865,-0.987638304112077
0.36806712440581635,-0.9290587030183697,-0.037101459236239254,-0.9119654038663125,-0.36849768617562406,0.18035675045355193,-0.18123381053927812,-0.0325481432502098,-0.9829012790145187
0.37743673612175654,-0.9247269828622704,-0.049208915779552095,-0.9171684879294328,-0.3806305945804279,0.1179928608797511,-0.1278416011124489,0.0005980265820569042,-0.9917944179058544
0.38161320750898686,-0.9236721759464823,-0.034656474676360946,-0.9080974253289098,-0.3816453115456121,0.172354060834834,-0.17242513147945593,-0.034301130557800166,-0.9844252162946401
0.3773083228337407,-0.9257725923697199,-0.02415650507499935,-0.903634965764251,-0.37374428123848913,0.20918666518152218,-0.20268763694076392,-0.057099207162392376,-0.9775773127342897
0.3770652822317977,-0.920887508035269,-0.09893417245849669,-0.8992176336278044,-0.3895806848305108,0.19908424694033985,-0.22187703871348868,0.013895594682590356,-0.9749756366905535
0.3859297965704348,-0.9213370902030805,-0.046863187420659494,-0.8983248582622932,-0.3868791296441165,0.20817537816428144,-0.20993008633145882,-0.03824271514853121,-0.9769681947693766
0.3864613839489396,-0.9203855269337392,-0.05948176634207798,-0.8948889862992365,-0.38980055017638715,0.21732287795469402,-0.22320685678669305,-0.030757322592987316,-0.9742857312874471
0.3983319699949256,-0.9144584529274729,-0.07139593510455652,-0.8877747323644698,-0.40393670855382,0.22066073519749724,-0.2306245135607988,-0.024512718172388995,-0.9727340131776241
0.395619090793599,-0.9129221536264459,-0.10029295298124341,-0.8909471756628459,-0.4079991623530457,0.19937355315490352,-0.2229319743285919,0.01047973937009318,-0.9747776720281867
0.40950715679967176,-0.911116732156206,-0.04658528646305965,-0.8836809473358035,-0.408831434039825,0.22795798265609604,-0.22674186169639204,-0.05218389527370046,-0.972555895169279
0.40893913486555333,-0.9074745037157174,-0.09622270564334214,-0.8838062103894103,-0.42010632084240374,0.20590595344809406,-0.22727816976674686,0.0008392223613274408,-0.9738295175508422
0.40973039397810473,-0.9086565016939132,-0.08040128220324601,-0.8734525476735322,-0.41621418745771765,0.25267844609607615,-0.2630620672258973,-0.0333033344920768,-0.9642039393709956
0.413602667558966,-0.9072908559630527,-0.07586920372548762,-0.8629598384871481,-0.41722559186458685,0.2849967063870752,-0.2902294791132417,-0.05240332221411824,-0.9555211882918032
0.4322297319050752,-0.9000096898226347,-0.056214029233199875,-0.8686936091836631,-0.43229599841157396,0.24185033206675854,-0.2419687422390082,-0.05570213624902415,-0.9686838492493655
0.42281812394953044,-0.9038426333874342,-0.0655234929705965,-0.8557944905552514,-0.42202979098102644,0.29917661248799,-0.29806144332180434,-0.07042264973557538,-0.9519453904553261
0.4295139379072621,-0.9017358634286916,-0.04888977142418664,-0.8533614868020227,-0.4229931344160547,0.30471458954228425,-0.29545211115583214,-0.08915851526014647,-0.9511881039889891
0.44482662643063553,-0.8926127227258497,-0.073292562012025,-0.8581194115423286,-0.44820466337040876,0.2504868365149493,-0.25643780523274806,-0.0485294442680384,-0.9653416727182385
0.44597942320663597,-0.8946132347703178,-0.027740119863908008,-0.8487014681249024,-0.43252870721382053,0.3043431212276305,-0.2842677823442381,-0.11218768920754651,-0.9521584691170687
0.4434181857610079,-0.8942323198916233,-0.061064479017355386,-0.8431574966559077,-0.439264507980224,0.3100518148017108,-0.30408181196736916,-0.08599563994841214,-0.9487565554664192
0.4477771721276278,-0.8903293054684562,-0.08251867634324109,-0.8436417004349275,-0.4512596405859849,0.29091823261093774,-0.2962503762168892,-0.06065034709104186,-0.9531826949693787
0.4510159929981318,-0.890115725660527,-0.06541077122112357,-0.8351111248432816,-0.4467320056335482,0.3209671701367855,-0.31491901057716043,-0.09013606422770364,-0.9448288240219186
0.4488427492443966,-0.8919557681284386,-0.054360777709103164,-0.8354906677665425,-0.4404535292576246,0.3285666334847767,-0.31701030034645283,-0.1020568286147961,-0.9429150933182382
0.462348686851504,-0.884668555682967,-0.05996030647438938,-0.8402082723205269,-0.4587133161151692,0.2891922418440378,-0.2833438739250332,-0.0833285077535775,-0.9553913380938289
0.47707235252370794,-0.8736796800685903,-0.09531939515512801,-0.8442217725213287,-0.48571476662142765,0.22665119520275545,-0.24431858148417573,-0.027658310164165645,-0.9693004944909618
0.4674239143639597,-0.8813029708406781,-0.0694259164006409,-0.8291935550721259,-0.46430334459671596,0.3112241192824755,-0.3065174261074288,-0.08790607364510297,-0.9477972302706833
0.48966647337010294,-0.8642688109026405,-0.11517884943956681,-0.8609637836909129,-0.5001479283953545,0.09270066285880832,-0.1377247546010286,0.05377241135351188,-0.9890098178214993
0.47043839011502275,-0.8810531350156279,-0.04932640657010398,-0.8201017879895194,-0.45716073311991046,0.34414694743620705,-0.3257618431344883,-0.12144726169164836,-0.9376192106528222
0.4746703043056918,-0.8780813736792111,-0.06050787889168932,-0.8165066227845107,-0.4649673197055687,0.34223139329239266,-0.32864119820767246,-0.11304199575135353,-0.9376654360896408
0.47752505334635564,-0.8726844683481405,-0.10193940420899286,-0.8213517144081788,-0.48458772147635415,0.30092540842059384,-0.31201151367426583,-0.05997131729651321,-0.9481836617641196
0.512372001726084,-0.8438320506005033,-0.1594440410506317,-0.8521232625494137,-0.5226147305939461,0.027564266512281173,-0.106587416092843,0.12174281804511816,-0.9868220756474211
0.5143430342693865,-0.8403806659703053,-0.17091395309297236,-0.8510314695750931,-0.5247640177190949,0.01918758713780047,-0.10581436996654914,0.13558415088283626,-0.9850991103122378
0.5173323347074725,-0.8444940262953021,-0.13855358175690072,-0.849298609494496,-0.5265331735233908,0.03814038660138144,-0.10516238575095355,0.09794210907947945,-0.9896202382187983
0.5052539302592058,-0.8505660144871957,-0.1457941046715963,-0.8393187007474213,-0.523624874474028,0.14615440262858653,-0.20065538750127168,0.048522632156817944,-0.9784594879887919
0.5021489246056583,-0.8627435641831257,-0.05932958771118074,-0.8019724169977632,-0.49024954377833324,0.3413145575563722,-0.323553241201734,-0.1238100451729718,-0.9380748226139103
0.4979763122096623,-0.8657042671420073,-0.05075149584184166,-0.7989416820744001,-0.48075600589499506,0.361338970275861,-0.3372117748866321,-0.13939076241993725,-0.9310523262576578
0.5064102212564594,-0.8614530333180682,-0.03804417424630735,-0.8023696932445737,-0.48691948355119535,0.34512648681439356,-0.31583470862081126,-0.14425008812938872,-0.9377848094872676
0.552073523178811,-0.8003876211012214,-0.23365461902745055,-0.8337323756666452,-0.5264670602298128,-0.1665015322999485,0.010254304958765129,0.28672650815874434,-0.9579575975735597
0.5273902236527279,-0.8479912965289572,-0.05263376299167917,-0.8341352910197345,-0.5285565000512997,0.1576272264836992,-0.16148643370558724,-0.039227379018469254,-0.9860949976875414
0.523026348663375,-0.8508909009802602,-0.049275888960605294,-0.8091305791026352,-0.5138643502205877,0.28504584812518685,-0.267864041194206,-0.10921586057607977,-0.9572464422674732
0.5196129122642934,-0.8526374884093832,-0.05487927447733787,-0.7946901363328145,-0.5058911270101303,0.33547243527263604,-0.3137993126562785,-0.13070379096016743,-0.9404501637009205
0.5621390155258601,-0.8032518591784171,-0.196942067497103,-0.8265128098330773,-0.5370952167313386,-0.16853872951386517,0.0296024053997061,0.2575173370682695,-0.9658201275101999
0.49141631994283386,-0.852308687934339,-0.17910862895318214,-0.7915305759090224,-0.5228595135105893,0.31638153633327204,-0.36330338271887086,-0.013705094057168826,-0.9315700845894043
0.5062095344218049,-0.862143770693478,-0.021448214725026615,-0.7748945234973312,-0.46561574211742857,0.42748152959663666,-0.37853716424454725,-0.19977512194181657,-0.9037696144144418
0.548916845902036,-0.8136442425956002,-0.1915028531797718,-0.8358541574867072,-0.5326097941514982,-0.1329459837155134,0.006174439014833,0.23304474605734174,-0.9724464111908282
0.5201442186679488,-0.8536553412219277,-0.02688029370345285,-0.8009756250170141,-0.49848684196027665,0.33158545885046564,-0.29645917073842254,-0.15094179936566457,-0.943042169412027
0.520463486657967,-0.8428444223229612,-0.13686138540474485,-0.8345060357857723,-0.5360286199206852,0.12756564922831332,-0.1808796154710296,0.04781838961110721,-0.9823420821292616
0.5521965583715907,-0.8170444055804651,-0.1658836948956558,-0.8306212155600166,-0.5220260060015293,-0.19379691772495217,0.07174508473875439,0.2448005072865574,-0.9669153812242689
0.5937788767516086,-0.7366189632663305,-0.323757854700136,-0.7831521137610467,-0.43673942037542485,-0.442641441125594,0.18466026165692112,0.5163827859704219,-0.8362113405821658
0.48757963466755316,-0.8725445309100792,-0.03053099140816351,-0.7954733456297307,-0.45838136510894173,0.3963693738339356,-0.3598447668788565,-0.16897504460651275,-0.9175833357521966
0.48606564834282295,-0.8732514809826089,-0.034235018077274,-0.8199013974480567,-0.46922918143220194,0.328002551446158,-0.30249278332514773,-0.1313614336635605,-0.9440562958754416
0.47730863764012255,-0.8780743073701678,-0.03408775690083382,-0.804107949081531,-0.4520880526634708,0.3860398928386092,-0.35438237915847925,-0.15684993903521618,-0.9218520629507887
0.4836842710473649,-0.874663122996176,0.03184253777505136,-0.8059906823806186,-0.4309354103282398,0.4058000641213065,-0.3412162743144061,-0.22194389695553235,-0.9134070071699625
0.5028343218602745,-0.8524634201592286,-0.1430516062466562,-0.8630613994644639,-0.5042898801412052,-0.02857862035875925,-0.04777724891367307,0.13783263067067747,-0.9893025322966891
0.49700059355631643,-0.8585609677286223,-0.12595028661166693,-0.8658226734359324,-0.5003141903017585,-0.006067054223474179,-0.057805779719022565,0.1120659434243404,-0.9920180019311586
0.5511489041563967,-0.7757846349364781,-0.30723457755219774,-0.808894130558169,-0.40640441754638446,-0.4248832015358191,0.20475636985389725,0.4826941574074198,-0.851516987152338
0.4507506296580822,-0.892487449643188,-0.017030035004059974,-0.8327453437556611,-0.4272959299714675,0.35207013602843995,-0.3214950424440592,-0.14451415314499927,-0.9358186775357052
0.4494218269303295,-0.8932493312756548,0.011209534076032313,-0.8346585922652748,-0.4154046949716632,0.3616406693850259,-0.31837879300662575,-0.17188534425917615,-0.9322501663140365
0.46621585287721756,-0.8722653696112822,-0.1476343574607956,-0.8841196041395157,-0.4652827249990473,-0.04294777518855822,-0.031229859144012412,0.15054936331434302,-0.9881090957498019
0.44555738584780324,-0.8942503162978427,0.042367295378385295,-0.8392045027160561,-0.40071275839304565,0.3676480489301328,-0.31179226824533046,-0.19936312864279745,-0.9289994210978753
0.4513153936779588,-0.8804684197769034,-0.14522319788818655,-0.8923013423951541,-0.44720369099321267,-0.06170229429975009,-0.01061742855472432,0.15743004966527097,-0.9874730627583093
0.42933955373714205,-0.9013668799568899,0.056615327549819086,-0.8554693669156404,-0.3857787070876426,0.3454662811718971,-0.28955087612671,-0.19675501740633766,-0.9367218120977467
0.4105918509682924,-0.9117528707886788,0.01100156929870294,-0.8648292065625331,-0.3855805875513275,0.32155567788486084,-0.28893732087574103,-0.14154261941964902,-0.9468267589654262
0.4199087992948397,-0.8988817689980947,-0.1252524077118728,-0.8986657491645306,-0.43109279640061415,0.08098686418210778,-0.12679302643804258,0.07855295191368826,-0.9888139168682486
0.43078487478592975,-0.8896051132573543,-0.1517469410632047,-0.9012208825585174,-0.41528111562988845,-0.12386490964612192,0.047173217996199744,0.1901166417428119,-0.9806275286959459
0.39657402430360567,-0.9179114055573596,0.012949702519948814,-0.8614318329163424,-0.36722316596535254,0.35083093309566316,-0.3172762841531551,-0.15028572096541706,-0.9363492732884834
0.40608720715959,-0.9064951467908176,-0.1155842940282916,-0.9119330515507353,-0.41014246757295025,0.012699046520714234,-0.05891765160533922,0.10024821762937083,-0.9932164946231241
0.3963382644829101,-0.913225619089951,-0.09452485781237785,-0.907456355472624,-0.40529475793737235,0.1107209198879295,-0.13942360997699552,0.04189424574165511,-0.9893462129885172
0.40394580580319583,-0.9126167102093832,0.06291681985455039,-0.8696088849697834,-0.36174256577644204,0.336039734684883,-0.2839157853230726,-0.19045486696873745,-0.9397439919958539
0.36798226352324614,-0.9296635098364499,0.01774294820150879,-0.8800283641251956,-0.3420473872526516,0.3294748294009221,-0.3002317972291415,-0.13685519117741854,-0.9439976295417017
0.3740261173732482,-0.9274181706207437,-1.8032365927234117e-05,-0.8874937726726672,-0.35793032125071544,0.2902424651848793,-0.2691825904287449,-0.10854225873747356,-0.9569531394369517
0.37262702865342157,-0.9274431422461527,0.031596129786800584,-0.88873306657329,-0.3468628461914025,0.2997327181193865,-0.26702553042014154,-0.13976903746031163,-0.9534998596073625
0.3862343091368644,-0.9090014073074243,-0.1566508855981723,-0.9223942824429642,-0.3799873106578131,-0.06927071138347168,0.0034418254021479217,0.17124860656999527,-0.9852218372456714
0.366861997823689,-0.9290441170586372,0.04784666249121583,-0.8726637033092164,-0.32586822621330025,0.3636866234428223,-0.3222892109262351,-0.17517684693855617,-0.9302917482259049
0.36072248070327706,-0.9323491375037061,0.024584094682724905,-0.8830791763569663,-0.33294190581877536,0.3306370451635199,-0.300084088548486,-0.14097791722768876,-0.9434377386209264
0.3602230740654222,-0.93100343800224,0.0589231307625938,-0.8934797433796439,-0.3261653623092986,0.30872334637971455,-0.26820381257749115,-0.16385589662155256,-0.949325002336526
0.3631063665008314,-0.9302414520075492,0.05295854580188815,-0.8956029712857753,-0.33277902718115326,0.29521760938747577,-0.25700016426192207,-0.1546252244468929,-0.9539611918385847
0.3509461105578142,-0.9338248535508105,0.06933952967211712,-0.8819274945253381,-0.3047380656993166,0.3596367691353302,-0.31470735912050496,-0.18736556301691815,-0.9305124523136435
0.36065435624191633,-0.9284887080987294,0.08852770332997784,-0.8820035310043384,-0.3086452355456891,0.35610095460532665,-0.30331206144762424,-0.2065111074690611,-0.9302445677736014
0.3467785580495505,-0.9356206357302048,-0.06602013081540015,-0.9223917127683849,-0.3529475919806183,0.15691247729638425,-0.17011219795558524,0.006482538923186856,-0.9854033777067284
0.3493037216122489,-0.9316538598507826,-0.10003996947705715,-0.9368526619635151,-0.34920274587047895,-0.019092722393447725,-0.017146423525272195,0.10039187069507062,-0.9948002173595643
0.339478933617966,-0.9403578677385439,-0.021934771752354282,-0.8874230734196861,-0.3279254340839388,0.32395246324610455,-0.3118242171351788,-0.0905096142024673,-0.9458190457719454
0.33284889335056533,-0.9418259941532758,0.046641300716185316,-0.9016718050697847,-0.3033993913617872,0.3081181027844572,-0.2760426962219799,-0.14461191534064777,-0.9502040958678347
0.34263410124423477,-0.9364381799096425,0.07540164369608766,-0.8873748041893902,-0.2962358958232806,0.353284942950616,-0.3084928354992984,-0.18795698772137898,-0.9324721664544783
0.3338791033313292,-0.9413956239515018,0.047948134099568315,-0.8980261496554303,-0.30221359482473376,0.3197123357616256,-0.28648521583793857,-0.14980394623665402,-0.9463006915342582
0.33558919778052376,-0.9385976732781799,0.08008931295629934,-0.9388552913260803,-0.32630439227191965,0.10989169910905172,-0.07701059850466091,-0.11207074239443734,-0.9907116212183612
0.326837858929409,-0.9421169128916809,0.07478460011184766,-0.903911543720133,-0.28851938141588074,0.31575384032008813,-0.2759002267123498,-0.17079897245254907,-0.9458894099783691
0.3205378514149553,-0.9457561807983618,0.05292194527773944,-0.9001238636471173,-0.28671932816084134,0.3279772201723491,-0.29501273854406607,-0.15276541932221477,-0.9432021049361788
0.33269551444723877,-0.9405995622873842,0.06772117904664998,-0.9123552775127728,-0.30287313675716665,0.2754554603297343,-0.2385823594930654,-0.15342857118430045,-0.9589255087247736
0.33307779621006073,-0.9353251516400851,-0.11927297422845354,-0.9426963528823931,-0.3329557872843335,-0.021541355020163126,-0.019564455885211794,0.11961314486009325,-0.9926277890743307
0.31798988306754083,-0.9474125664496736,0.035942498521034746,-0.9074947379215356,-0.293179059167771,0.3008310820214962,-0.274473559585282,-0.12827886887068896,-0.952999893436427
0.3201762297904933,-0.9450300221866377,0.06637348147466954,-0.9038267118587029,-0.2837195948258465,0.3203130756658908,-0.28387401573203286,-0.16254675843516703,-0.9449836477497316
0.304769735905848,-0.9507874850829541,0.05584412489699464,-0.8944169098012644,-0.26556466406378854,0.3598524706907598,-0.3273129993407483,-0.1596200720784155,-0.9313364768182575
0.3179904090905695,-0.9433153553622626,0.09506965900949157,-0.9127458089210296,-0.27746623918253555,0.2998459177827764,-0.25647063774145373,-0.18212255887634707,-0.9492387400042328
0.31346500927453236,-0.9452003770044458,0.09130134320572687,-0.9084416839134265,-0.270489781873243,0.3186988936766223,-0.2765382340455922,-0.18284289762749395,-0.9434485041050873
0.30140546048110395,-0.9530508832879652,0.029133524610017614,-0.8874942882681613,-0.26924079958063396,0.3739829944430234,-0.3485808897279985,-0.1385763533407122,-0.9269778625248971
0.31156783376310926,-0.9455700075011217,-0.09393000520862427,-0.9497532460206215,-0.31299918122636083,0.0005331274901709121,-0.029904124087767166,0.08904422196839265,-0.9955786608282577
0.3015087802074602,-0.949843323372235,0.08300672564917916,-0.8888951682531565,-0.24853135836823803,0.38483443682164326,-0.34490264613946175,-0.18981523898998903,-0.9192455274480102
0.31144652680307816,-0.9465844375748788,0.08354019082663204,-0.9202958084370719,-0.2785529257485515,0.2747069211543059,-0.23676293188642455,-0.16243820393605818,-0.9578920314871462
0.3195864764765074,-0.9437378411112293,-0.08499041891911663,-0.9475220997454222,-0.31905764418975024,-0.020101994381478236,-0.008145830059427005,0.08695462574701163,-0.9961789691184211
0.30391137366543997,-0.9488183637116995,-0.08591617798900598,-0.9523990519009552,-0.30484504273956836,-0.00235496396415015,-0.023956687896013924,0.08254218679296049,-0.9962995857193202
0.3000234350311266,-0.94509419246553,0.12954885487742263,-0.9024971943368078,-0.23722571305322582,0.35947569497892184,-0.30900607218356385,-0.22476861087419772,-0.9241181303920888
0.30108768076744175,-0.945396056906082,0.12478983963654698,-0.9076567289940172,-0.24399031388663428,0.3415084025926491,-0.2924131850686014,-0.21609031055541078,-0.9315575703530631
0.2983051340768611,-0.9509703501347403,0.0816666403618786,-0.9126776074354551,-0.2591558406990053,0.3160029036535671,-0.27934500509098115,-0.16880060247582565,-0.9452368617095495
0.3149287016778144,-0.9381077303448294,0.14413118721081486,-0.9151726827545844,-0.259895781932562,0.3080797677119338,-0.2515529240523813,-0.22892808652704666,-0.9403792094680539
0.3147519449621363,-0.9356763215421338,0.1595024590654755,-0.9043404553852359,-0.24458457144994328,0.34978097169839284,-0.28826993234844395,-0.2543387676191522,-0.9231534202881959
0.31623925974632383,-0.9330115339557896,0.17170383833962768,-0.9072281892209666,-0.2445108213180539,0.34227397058674564,-0.27736211579439374,-0.2640150294279376,-0.9237782856065748
0.31364310051771593,-0.9350947922692011,0.1650022271627063,-0.9038023750667737,-0.24071118190121832,0.35383526354982975,-0.2911516311499778,-0.2601073939332331,-0.9206382955862575
0.30298779033775847,-0.9440386992110356,0.13034313675133963,-0.9012556067131913,-0.2393927254952103,0.3611501825390819,-0.3097365497875248,-0.22689657858132356,-0.9233532435389011
0.3000688555385004,-0.9456519698898607,0.12530376602178156,-0.9011616737375241,-0.23793910126216744,0.3623432376589037,-0.3128359309964245,-0.22164687215022566,-0.923583425762731
0.2962434840203232,-0.9503536464368996,0.09522470729589774,-0.909547997020498,-0.25027871705068805,0.3317875900443863,-0.29148282846764906,-0.18490135341730263,-0.9385356946930409
0.29220642138214104,-0.9550769563461262,0.04943090895039226,-0.9206432293911156,-0.26692627737694496,0.284897186054871,-0.25890432881537534,-0.12875701884676327,-0.9572827056927093
0.28937521667940924,-0.9572151667942621,0.0010528203920252,-0.9232482273920055,-0.2788159497186271,0.2643376189648755,-0.25273443490997577,-0.07746477032517936,-0.9644296318390484
0.29190118110343877,-0.9552524724948227,0.04781646435011143,-0.9226942360204128,-0.26808317760052613,0.27706814451017536,-0.2518512403882977,-0.12499649467138182,-0.9596597464907773
0.2933109666322893,-0.9544764535685462,0.0542528933462753,-0.9163471759738697,-0.2645092480081169,0.30057064195109584,-0.27253720835501544,-0.13787515113823465,-0.9522152659775329
0.2921220046488806,-0.9555355356486464,0.04020664761670324,-0.9228253470091632,-0.27058496513387964,0.27418452830332113,-0.25111374577536955,-0.11719904759063322,-0.9608362347073052
0.2914531925280165,-0.95609086382292,0.030745677412767763,-0.9182429022533232,-0.2706179412359033,0.28912955978701904,-0.26811379865016516,-0.11249973331339098,-0.9567961125432077
0.3007065228221275,-0.9471052899667691,0.11210333112440313,-0.9074273891389424,-0.24795297062864163,0.3392563305185539,-0.293515111319175,-0.20374222457162422,-0.9339903561353823
0.2962539669629589,-0.9518642993891743,0.07866347695764912,-0.9058765454724963,-0.25392697238387896,0.33898197158370125,-0.30269005834603585,-0.171684152571847,-0.9374984161768809
0.2930499513141075,-0.9548806961827185,0.04821392011033333,-0.9149307989705977,-0.2654374829607198,0.30404699593072954,-0.2775308255488432,-0.1332133578027529,-0.9514361997386337
0.29752548464416606,-0.952396766749134,0.06647544413578527,-0.9120625809703915,-0.26296473132676157,0.3146289854286666,-0.28217093114082853,-0.15423990652240363,-0.9468841623213887
0.29428567223575597,-0.9494776080205068,0.10903309123567256,-0.9112899444896244,-0.24439399294310382,0.331394347093344,-0.28800447945969,-0.19688536786918226,-0.9371710472107906
0.29507874228376396,-0.9534032285223613,0.06285554625782418,-0.9240158498280644,-0.26800452828839516,0.2727054859797179,-0.24315271974368508,-0.13854911280860852,-0.9600421335656036
0.29825592627830333,-0.9465474979333895,0.12284639431383845,-0.9106910277977819,-0.24366567415020768,0.33356991940153174,-0.2858063231079586,-0.21136431438860395,-0.9346870450982749
0.2899232363692855,-0.9546451795371093,0.06780190410098802,-0.9256015882785579,-0.2616801580464361,0.2734688184437182,-0.24332327630000866,-0.14204251501347237,-0.9594882527364663
0.2931745359303253,-0.9530728726314747,0.07550358227280862,-0.9198920657149777,-0.2596868215276297,0.2938730034547372,-0.2604751022970702,-0.15561122767610822,-0.9528577369704594
0.2962823110202042,-0.9518811311436952,0.0783524367784837,-0.9178178382340452,-0.2610602764587513,0.2990952153991507,-0.26424838314720295,-0.16052988577794375,-0.9510010240668563
0.29807064747942824,-0.9511220511970258,0.08075105471730484,-0.9090364547408578,-0.25703372610237263,0.3280036396110615,-0.2912157500262773,-0.17117390973128185,-0.9412188266093809
0.2932468459209172,-0.9540758051433151,0.061201678061706274,-0.9249532371317224,-0.2669396539974692,0.2705637267692385,-0.24180115069408076,-0.13595064973675675,-0.9607547160223425
0.3017778465888147,-0.949204198463572,0.08911521153734726,-0.9153058215560055,-0.26230670830330627,0.30563122190766157,-0.2667309212181896,-0.17380040390693105,-0.9479704822766812
0.2931132076327073,-0.9543844849844484,0.056876201809143406,-0.9184993713580408,-0.2645792856840078,0.2938651160002218,-0.26541204254168427,-0.138376502369114,-0.9541532325920935
0.29051241928060656,-0.9557706106009268,0.045881087119432715,-0.9188115813111478,-0.26524768912149665,0.2922822975553154,-0.2671849776694739,-0.12706771158416919,-0.955230853972235
0.3036100441221915,-0.9464502185046335,0.10978581420498801,-0.9119639375354514,-0.2552928635645755,0.3211655810447848,-0.2759396994688444,-0.19762979963945276,-0.9406379455196955
0.29364239477958,-0.9540820587754183,0.05917405775315218,-0.9171438134505839,-0.263740889491629,0.29881092459862507,-0.26948352349899707,-0.14201467647051175,-0.9524759641216892
0.2931301951519497,-0.954224079024605,0.05942302331440569,-0.9199273844516949,-0.26457450362792423,0.2893681726899164,-0.2604002611865889,-0.13948741534519155,-0.9553716370786157
0.2975759885990813,-0.9515561947973593,0.07739082085137182,-0.9204010070971914,-0.2644088557969446,0.28801031771557484,-0.25359518359731337,-0.1569355444726287,-0.9544950066591886
