-0.7325517070701386,0.6807010895396137,-0.0037447520890680893,0.6806769061951903,0.7325588854703463,0.006035618525672134,0.00685170352320097,0.001872436387750431,-0.9999747737522202
-0.7325517070701386,0.6807010895396137,-0.0037447520890680893,0.6806769061951903,0.7325588854703463,0.006035618525672134,0.00685170352320097,0.001872436387750431,-0.9999747737522202
-0.7325517070701386,0.6807010895396137,-0.0037447520890680893,0.6806769061951903,0.7325588854703463,0.006035618525672134,0.00685170352320097,0.001872436387750431,-0.9999747737522202
-0.7604626883530676,0.6270538700138651,-0.16881926348453255,0.6353973815368351,0.6648417115600285,-0.39275395110178885,-0.134039796922253,-0.4059420434872046,-0.9040157023915424
-0.7325517070701386,0.6807010895396137,-0.0037447520890680893,0.6806769061951903,0.7325588854703463,0.006035618525672134,0.00685170352320097,0.001872436387750431,-0.9999747737522202
-0.7325517070701386,0.6807010895396137,-0.0037447520890680893,0.6806769061951903,0.7325588854703463,0.006035618525672134,0.00685170352320097,0.001872436387750431,-0.9999747737522202
-0.7325517070701386,0.6807010895396137,-0.0037447520890680893,0.6806769061951903,0.7325588854703463,0.006035618525672134,0.00685170352320097,0.001872436387750431,-0.9999747737522202
-0.7604626883530676,0.6270538700138651,-0.16881926348453255,0.6353973815368351,0.6648417115600285,-0.39275395110178885,-0.134039796922253,-0.4059420434872046,-0.9040157023915424
-0.7325517070701386,0.6807010895396137,-0.0037447520890680893,0.6806769061951903,0.7325588854703463,0.006035618525672134,0.00685170352320097,0.001872436387750431,-0.9999747737522202
-0.7604626883530676,0.6270538700138651,-0.16881926348453255,0.6353973815368351,0.6648417115600285,-0.39275395110178885,-0.134039796922253,-0.4059420434872046,-0.9040157023915424
-0.7604626883530676,0.6270538700138651,-0.16881926348453255,0.6353973815368351,0.6648417115600285,-0.39275395110178885,-0.134039796922253,-0.4059420434872046,-0.9040157023915424
-0.7604626883530676,0.6270538700138651,-0.16881926348453255,0.6353973815368351,0.6648417115600285,-0.39275395110178885,-0.134039796922253,-0.4059420434872046,-0.9040157023915424
-0.7604626883530676,0.6270538700138651,-0.16881926348453255,0.6353973815368351,0.6648417115600285,-0.39275395110178885,-0.134039796922253,-0.4059420434872046,-0.9040157023915424
-0.7604626883530676,0.6270538700138651,-0.16881926348453255,0.6353973815368351,0.6648417115600285,-0.39275395110178885,-0.134039796922253,-0.4059420434872046,-0.9040157023915424
-0.7604626883530676,0.6270538700138651,-0.16881926348453255,0.6353973815368351,0.6648417115600285,-0.39275395110178885,-0.134039796922253,-0.4059420434872046,-0.9040157023915424
-0.7325517070701386,0.6807010895396137,-0.0037447520890680893,0.6806769061951903,0.7325588854703463,0.006035618525672134,0.00685170352320097,0.001872436387750431,-0.9999747737522202
-0.7604626883530676,0.6270538700138651,-0.16881926348453255,0.6353973815368351,0.6648417115600285,-0.39275395110178885,-0.134039796922253,-0.4059420434872046,-0.9040157023915424
-0.7604626883530676,0.6270538700138651,-0.16881926348453255,0.6353973815368351,0.6648417115600285,-0.39275395110178885,-0.134039796922253,-0.4059420434872046,-0.9040157023915424
-0.7325517070701386,0.6807010895396137,-0.0037447520890680893,0.6806769061951903,0.7325588854703463,0.006035618525672134,0.00685170352320097,0.001872436387750431,-0.9999747737522202
-0.7604626883530676,0.6270538700138651,-0.16881926348453255,0.6353973815368351,0.6648417115600285,-0.39275395110178885,-0.134039796922253,-0.4059420434872046,-0.9040157023915424
-0.7604626883530676,0.6270538700138651,-0.16881926348453255,0.6353973815368351,0.6648417115600285,-0.39275395110178885,-0.134039796922253,-0.4059420434872046,-0.9040157023915424
-0.7325517070701386,0.6807010895396137,-0.0037447520890680893,0.6806769061951903,0.7325588854703463,0.006035618525672134,0.00685170352320097,0.001872436387750431,-0.9999747737522202
-0.7604626883530676,0.6270538700138651,-0.16881926348453255,0.6353973815368351,0.6648417115600285,-0.39275395110178885,-0.134039796922253,-0.4059420434872046,-0.9040157023915424
-0.7604626883530676,0.6270538700138651,-0.16881926348453255,0.6353973815368351,0.6648417115600285,-0.39275395110178885,-0.134039796922253,-0.4059420434872046,-0.9040157023915424
-0.7325517070701386,0.6807010895396137,-0.0037447520890680893,0.6806769061951903,0.7325588854703463,0.006035618525672134,0.00685170352320097,0.001872436387750431,-0.9999747737522202
-0.7604626883530676,0.6270538700138651,-0.16881926348453255,0.6353973815368351,0.6648417115600285,-0.39275395110178885,-0.134039796922253,-0.4059420434872046,-0.9040157023915424
-0.7604626883530676,0.6270538700138651,-0.16881926348453255,0.6353973815368351,0.6648417115600285,-0.39275395110178885,-0.134039796922253,-0.4059420434872046,-0.9040157023915424
-0.7325517070701386,0.6807010895396137,-0.0037447520890680893,0.6806769061951903,0.7325588854703463,0.006035618525672134,0.00685170352320097,0.001872436387750431,-0.9999747737522202
-0.7325517070701386,0.6807010895396137,-0.0037447520890680893,0.6806769061951903,0.7325588854703463,0.006035618525672134,0.00685170352320097,0.001872436387750431,-0.9999747737522202
-0.7604626883530676,0.6270538700138651,-0.16881926348453255,0.6353973815368351,0.6648417115600285,-0.39275395110178885,-0.134039796922253,-0.4059420434872046,-0.9040157023915424
-0.7325517070701386,0.6807010895396137,-0.0037447520890680893,0.6806769061951903,0.7325588854703463,0.006035618525672134,0.00685170352320097,0.001872436387750431,-0.9999747737522202
-0.7325517070701386,0.6807010895396137,-0.0037447520890680893,0.6806769061951903,0.7325588854703463,0.006035618525672134,0.00685170352320097,0.001872436387750431,-0.9999747737522202
-0.7325517070701386,0.6807010895396137,-0.0037447520890680893,0.6806769061951903,0.7325588854703463,0.006035618525672134,0.00685170352320097,0.001872436387750431,-0.9999747737522202
-0.7604626883530676,0.6270538700138651,-0.16881926348453255,0.6353973815368351,0.6648417115600285,-0.39275395110178885,-0.134039796922253,-0.4059420434872046,-0.9040157023915424
-0.7604626883530676,0.6270538700138651,-0.16881926348453255,0.6353973815368351,0.6648417115600285,-0.39275395110178885,-0.134039796922253,-0.4059420434872046,-0.9040157023915424
-0.7325517070701386,0.6807010895396137,-0.0037447520890680893,0.6806769061951903,0.7325588854703463,0.006035618525672134,0.00685170352320097,0.001872436387750431,-0.9999747737522202
-0.7604626883530676,0.6270538700138651,-0.16881926348453255,0.6353973815368351,0.6648417115600285,-0.39275395110178885,-0.134039796922253,-0.4059420434872046,-0.9040157023915424
-0.7604626883530676,0.6270538700138651,-0.16881926348453255,0.6353973815368351,0.6648417115600285,-0.39275395110178885,-0.134039796922253,-0.4059420434872046,-0.9040157023915424
-0.7325517070701386,0.6807010895396137,-0.0037447520890680893,0.6806769061951903,0.7325588854703463,0.006035618525672134,0.00685170352320097,0.001872436387750431,-0.9999747737522202
-0.7604626883530676,0.6270538700138651,-0.16881926348453255,0.6353973815368351,0.6648417115600285,-0.39275395110178885,-0.134039796922253,-0.4059420434872046,-0.9040157023915424
-0.7325517070701386,0.6807010895396137,-0.0037447520890680893,0.6806769061951903,0.7325588854703463,0.006035618525672134,0.00685170352320097,0.001872436387750431,-0.9999747737522202
-0.7325517070701386,0.6807010895396137,-0.0037447520890680893,0.6806769061951903,0.7325588854703463,0.006035618525672134,0.00685170352320097,0.001872436387750431,-0.9999747737522202
-0.7604626883530676,0.6270538700138651,-0.16881926348453255,0.6353973815368351,0.6648417115600285,-0.39275395110178885,-0.134039796922253,-0.4059420434872046,-0.9040157023915424
-0.7604626883530676,0.6270538700138651,-0.16881926348453255,0.6353973815368351,0.6648417115600285,-0.39275395110178885,-0.134039796922253,-0.4059420434872046,-0.9040157023915424
-0.7325517070701386,0.6807010895396137,-0.0037447520890680893,0.6806769061951903,0.7325588854703463,0.006035618525672134,0.00685170352320097,0.001872436387750431,-0.9999747737522202
-0.7604626883530676,0.6270538700138651,-0.16881926348453255,0.6353973815368351,0.6648417115600285,-0.39275395110178885,-0.134039796922253,-0.4059420434872046,-0.9040157023915424
-0.7604626883530676,0.6270538700138651,-0.16881926348453255,0.6353973815368351,0.6648417115600285,-0.39275395110178885,-0.134039796922253,-0.4059420434872046,-0.9040157023915424
-0.7604626883530676,0.6270538700138651,-0.16881926348453255,0.6353973815368351,0.6648417115600285,-0.39275395110178885,-0.134039796922253,-0.4059420434872046,-0.9040157023915424
-0.7325517070701386,0.6807010895396137,-0.0037447520890680893,0.6806769061951903,0.7325588854703463,0.006035618525672134,0.00685170352320097,0.001872436387750431,-0.9999747737522202
-0.7325517070701386,0.6807010895396137,-0.0037447520890680893,0.6806769061951903,0.7325588854703463,0.006035618525672134,0.00685170352320097,0.001872436387750431,-0.9999747737522202
-0.7325517070701386,0.6807010895396137,-0.0037447520890680893,0.6806769061951903,0.7325588854703463,0.006035618525672134,0.00685170352320097,0.001872436387750431,-0.9999747737522202
-0.7604626883530676,0.6270538700138651,-0.16881926348453255,0.6353973815368351,0.6648417115600285,-0.39275395110178885,-0.134039796922253,-0.4059420434872046,-0.9040157023915424
-0.7604626883530676,0.6270538700138651,-0.16881926348453255,0.6353973815368351,0.6648417115600285,-0.39275395110178885,-0.134039796922253,-0.4059420434872046,-0.9040157023915424
-0.7325517070701386,0.6807010895396137,-0.0037447520890680893,0.6806769061951903,0.7325588854703463,0.006035618525672134,0.00685170352320097,0.001872436387750431,-0.9999747737522202
-0.7604626883530676,0.6270538700138651,-0.16881926348453255,0.6353973815368351,0.6648417115600285,-0.39275395110178885,-0.134039796922253,-0.4059420434872046,-0.9040157023915424
-0.7604626883530676,0.6270538700138651,-0.16881926348453255,0.6353973815368351,0.6648417115600285,-0.39275395110178885,-0.134039796922253,-0.4059420434872046,-0.9040157023915424
-0.7325517070701386,0.6807010895396137,-0.0037447520890680893,0.6806769061951903,0.7325588854703463,0.006035618525672134,0.00685170352320097,0.001872436387750431,-0.9999747737522202
-0.7325517070701386,0.6807010895396137,-0.0037447520890680893,0.6806769061951903,0.7325588854703463,0.006035618525672134,0.00685170352320097,0.001872436387750431,-0.9999747737522202
-0.7604626883530676,0.6270538700138651,-0.16881926348453255,0.6353973815368351,0.6648417115600285,-0.39275395110178885,-0.134039796922253,-0.4059420434872046,-0.9040157023915424
-0.7325517070701386,0.6807010895396137,-0.0037447520890680893,0.6806769061951903,0.7325588854703463,0.006035618525672134,0.00685170352320097,0.001872436387750431,-0.9999747737522202
-0.7604626883530676,0.6270538700138651,-0.16881926348453255,0.6353973815368351,0.6648417115600285,-0.39275395110178885,-0.134039796922253,-0.4059420434872046,-0.9040157023915424
-0.7325517070701386,0.6807010895396137,-0.0037447520890680893,0.6806769061951903,0.7325588854703463,0.006035618525672134,0.00685170352320097,0.001872436387750431,-0.9999747737522202
-0.7325517070701386,0.6807010895396137,-0.0037447520890680893,0.6806769061951903,0.7325588854703463,0.006035618525672134,0.00685170352320097,0.001872436387750431,-0.9999747737522202
-0.7604626883530676,0.6270538700138651,-0.16881926348453255,0.6353973815368351,0.6648417115600285,-0.39275395110178885,-0.134039796922253,-0.4059420434872046,-0.9040157023915424
-0.7604626883530676,0.6270538700138651,-0.16881926348453255,0.6353973815368351,0.6648417115600285,-0.39275395110178885,-0.134039796922253,-0.4059420434872046,-0.9040157023915424
-0.7325517070701386,0.6807010895396137,-0.0037447520890680893,0.6806769061951903,0.7325588854703463,0.006035618525672134,0.00685170352320097,0.001872436387750431,-0.9999747737522202
-0.7325517070701386,0.6807010895396137,-0.0037447520890680893,0.6806769061951903,0.7325588854703463,0.006035618525672134,0.00685170352320097,0.001872436387750431,-0.9999747737522202
-0.7325517070701386,0.6807010895396137,-0.0037447520890680893,0.6806769061951903,0.7325588854703463,0.006035618525672134,0.00685170352320097,0.001872436387750431,-0.9999747737522202
-0.7604626883530676,0.6270538700138651,-0.16881926348453255,0.6353973815368351,0.6648417115600285,-0.39275395110178885,-0.134039796922253,-0.4059420434872046,-0.9040157023915424
-0.7325517070701386,0.6807010895396137,-0.0037447520890680893,0.6806769061951903,0.7325588854703463,0.006035618525672134,0.00685170352320097,0.001872436387750431,-0.9999747737522202
-0.7604626883530676,0.6270538700138651,-0.16881926348453255,0.6353973815368351,0.6648417115600285,-0.39275395110178885,-0.134039796922253,-0.4059420434872046,-0.9040157023915424
-0.7604626883530676,0.6270538700138651,-0.16881926348453255,0.6353973815368351,0.6648417115600285,-0.39275395110178885,-0.134039796922253,-0.4059420434872046,-0.9040157023915424
-0.7604626883530676,0.6270538700138651,-0.16881926348453255,0.6353973815368351,0.6648417115600285,-0.39275395110178885,-0.134039796922253,-0.4059420434872046,-0.9040157023915424
-0.7325517070701386,0.6807010895396137,-0.0037447520890680893,0.6806769061951903,0.7325588854703463,0.006035618525672134,0.00685170352320097,0.001872436387750431,-0.9999747737522202
-0.7325517070701386,0.6807010895396137,-0.0037447520890680893,0.6806769061951903,0.7325588854703463,0.006035618525672134,0.00685170352320097,0.001872436387750431,-0.9999747737522202
-0.7325517070701386,0.6807010895396137,-0.0037447520890680893,0.6806769061951903,0.7325588854703463,0.006035618525672134,0.00685170352320097,0.001872436387750431,-0.9999747737522202
-0.7604626883530676,0.6270538700138651,-0.16881926348453255,0.6353973815368351,0.6648417115600285,-0.39275395110178885,-0.134039796922253,-0.4059420434872046,-0.9040157023915424
-0.7325517070701386,0.6807010895396137,-0.0037447520890680893,0.6806769061951903,0.7325588854703463,0.006035618525672134,0.00685170352320097,0.001872436387750431,-0.9999747737522202
-0.7325517070701386,0.6807010895396137,-0.0037447520890680893,0.6806769061951903,0.7325588854703463,0.006035618525672134,0.00685170352320097,0.001872436387750431,-0.9999747737522202
-0.7325517070701386,0.6807010895396137,-0.0037447520890680893,0.6806769061951903,0.7325588854703463,0.006035618525672134,0.00685170352320097,0.001872436387750431,-0.9999747737522202
-0.7604626883530676,0.6270538700138651,-0.16881926348453255,0.6353973815368351,0.6648417115600285,-0.39275395110178885,-0.134039796922253,-0.4059420434872046,-0.9040157023915424
-0.7604626883530676,0.6270538700138651,-0.16881926348453255,0.6353973815368351,0.6648417115600285,-0.39275395110178885,-0.134039796922253,-0.4059420434872046,-0.9040157023915424
-0.7325517070701386,0.6807010895396137,-0.0037447520890680893,0.6806769061951903,0.7325588854703463,0.006035618525672134,0.00685170352320097,0.001872436387750431,-0.9999747737522202
-0.7604626883530676,0.6270538700138651,-0.16881926348453255,0.6353973815368351,0.6648417115600285,-0.39275395110178885,-0.134039796922253,-0.4059420434872046,-0.9040157023915424
-0.7604626883530676,0.6270538700138651,-0.16881926348453255,0.6353973815368351,0.6648417115600285,-0.39275395110178885,-0.134039796922253,-0.4059420434872046,-0.9040157023915424
-0.7604626883530676,0.6270538700138651,-0.16881926348453255,0.6353973815368351,0.6648417115600285,-0.39275395110178885,-0.134039796922253,-0.4059420434872046,-0.9040157023915424
-0.7325517070701386,0.6807010895396137,-0.0037447520890680893,0.6806769061951903,0.7325588854703463,0.006035618525672134,0.00685170352320097,0.001872436387750431,-0.9999747737522202
-0.7604626883530676,0.6270538700138651,-0.16881926348453255,0.6353973815368351,0.6648417115600285,-0.39275395110178885,-0.134039796922253,-0.4059420434872046,-0.9040157023915424
-0.7325517070701386,0.6807010895396137,-0.0037447520890680893,0.6806769061951903,0.7325588854703463,0.006035618525672134,0.00685170352320097,0.001872436387750431,-0.9999747737522202
-0.7325517070701386,0.6807010895396137,-0.0037447520890680893,0.6806769061951903,0.7325588854703463,0.006035618525672134,0.00685170352320097,0.001872436387750431,-0.9999747737522202
-0.7604626883530676,0.6270538700138651,-0.16881926348453255,0.6353973815368351,0.6648417115600285,-0.39275395110178885,-0.134039796922253,-0.4059420434872046,-0.9040157023915424
-0.7604626883530676,0.6270538700138651,-0.16881926348453255,0.6353973815368351,0.6648417115600285,-0.39275395110178885,-0.134039796922253,-0.4059420434872046,-0.9040157023915424
-0.7325517070701386,0.6807010895396137,-0.0037447520890680893,0.6806769061951903,0.7325588854703463,0.006035618525672134,0.00685170352320097,0.001872436387750431,-0.9999747737522202
-0.7325517070701386,0.6807010895396137,-0.0037447520890680893,0.6806769061951903,0.7325588854703463,0.006035618525672134,0.00685170352320097,0.001872436387750431,-0.9999747737522202
-0.7604626883530676,0.6270538700138651,-0.16881926348453255,0.6353973815368351,0.6648417115600285,-0.39275395110178885,-0.134039796922253,-0.4059420434872046,-0.9040157023915424
-0.7604626883530676,0.6270538700138651,-0.16881926348453255,0.6353973815368351,0.6648417115600285,-0.39275395110178885,-0.134039796922253,-0.4059420434872046,-0.9040157023915424
-0.7325517070701386,0.6807010895396137,-0.0037447520890680893,0.6806769061951903,0.7325588854703463,0.006035618525672134,0.00685170352320097,0.001872436387750431,-0.9999747737522202
-0.7604626883530676,0.6270538700138651,-0.16881926348453255,0.6353973815368351,0.6648417115600285,-0.39275395110178885,-0.134039796922253,-0.4059420434872046,-0.9040157023915424
-0.7325517070701386,0.6807010895396137,-0.0037447520890680893,0.6806769061951903,0.7325588854703463,0.006035618525672134,0.00685170352320097,0.001872436387750431,-0.9999747737522202
-0.7604626883530676,0.6270538700138651,-0.16881926348453255,0.6353973815368351,0.6648417115600285,-0.39275395110178885,-0.134039796922253,-0.4059420434872046,-0.9040157023915424
-0.7325517070701386,0.6807010895396137,-0.0037447520890680893,0.6806769061951903,0.7325588854703463,0.006035618525672134,0.00685170352320097,0.001872436387750431,-0.9999747737522202
-0.7604626883530676,0.6270538700138651,-0.16881926348453255,0.6353973815368351,0.6648417115600285,-0.39275395110178885,-0.134039796922253,-0.4059420434872046,-0.9040157023915424
-0.7604626883530676,0.6270538700138651,-0.16881926348453255,0.6353973815368351,0.6648417115600285,-0.39275395110178885,-0.134039796922253,-0.4059420434872046,-0.9040157023915424
-0.7325517070701386,0.6807010895396137,-0.0037447520890680893,0.6806769061951903,0.7325588854703463,0.006035618525672134,0.00685170352320097,0.001872436387750431,-0.9999747737522202
-0.7325517070701386,0.6807010895396137,-0.0037447520890680893,0.6806769061951903,0.7325588854703463,0.006035618525672134,0.00685170352320097,0.001872436387750431,-0.9999747737522202
-0.7325517070701386,0.6807010895396137,-0.0037447520890680893,0.6806769061951903,0.7325588854703463,0.006035618525672134,0.00685170352320097,0.001872436387750431,-0.9999747737522202
-0.7325517070701386,0.6807010895396137,-0.0037447520890680893,0.6806769061951903,0.7325588854703463,0.006035618525672134,0.00685170352320097,0.001872436387750431,-0.9999747737522202
-0.7325517070701386,0.6807010895396137,-0.0037447520890680893,0.6806769061951903,0.7325588854703463,0.006035618525672134,0.00685170352320097,0.001872436387750431,-0.9999747737522202
-0.7604626883530676,0.6270538700138651,-0.16881926348453255,0.6353973815368351,0.6648417115600285,-0.39275395110178885,-0.134039796922253,-0.4059420434872046,-0.9040157023915424
-0.7325517070701386,0.6807010895396137,-0.0037447520890680893,0.6806769061951903,0.7325588854703463,0.006035618525672134,0.00685170352320097,0.001872436387750431,-0.9999747737522202
-0.7325517070701386,0.6807010895396137,-0.0037447520890680893,0.6806769061951903,0.7325588854703463,0.006035618525672134,0.00685170352320097,0.001872436387750431,-0.9999747737522202
-0.7604626883530676,0.6270538700138651,-0.16881926348453255,0.6353973815368351,0.6648417115600285,-0.39275395110178885,-0.134039796922253,-0.4059420434872046,-0.9040157023915424
-0.7604626883530676,0.6270538700138651,-0.16881926348453255,0.6353973815368351,0.6648417115600285,-0.39275395110178885,-0.134039796922253,-0.4059420434872046,-0.9040157023915424
-0.7325517070701386,0.6807010895396137,-0.0037447520890680893,0.6806769061951903,0.7325588854703463,0.006035618525672134,0.00685170352320097,0.001872436387750431,-0.9999747737522202
-0.7325517070701386,0.6807010895396137,-0.0037447520890680893,0.6806769061951903,0.7325588854703463,0.006035618525672134,0.00685170352320097,0.001872436387750431,-0.9999747737522202
-0.7325517070701386,0.6807010895396137,-0.0037447520890680893,0.6806769061951903,0.7325588854703463,0.006035618525672134,0.00685170352320097,0.001872436387750431,-0.9999747737522202
-0.7604626883530676,0.6270538700138651,-0.16881926348453255,0.6353973815368351,0.6648417115600285,-0.39275395110178885,-0.134039796922253,-0.4059420434872046,-0.9040157023915424
-0.7325517070701386,0.6807010895396137,-0.0037447520890680893,0.6806769061951903,0.7325588854703463,0.006035618525672134,0.00685170352320097,0.001872436387750431,-0.9999747737522202
-0.7604626883530676,0.6270538700138651,-0.16881926348453255,0.6353973815368351,0.6648417115600285,-0.39275395110178885,-0.134039796922253,-0.4059420434872046,-0.9040157023915424
-0.7325517070701386,0.6807010895396137,-0.0037447520890680893,0.6806769061951903,0.7325588854703463,0.006035618525672134,0.00685170352320097,0.001872436387750431,-0.9999747737522202
-0.7325517070701386,0.6807010895396137,-0.0037447520890680893,0.6806769061951903,0.7325588854703463,0.006035618525672134,0.00685170352320097,0.001872436387750431,-0.9999747737522202
-0.7604626883530676,0.6270538700138651,-0.16881926348453255,0.6353973815368351,0.6648417115600285,-0.39275395110178885,-0.134039796922253,-0.4059420434872046,-0.9040157023915424
-0.74537413388329,0.6634301719847323,-0.06540494964483984,0.6360329374840116,0.6783248400364222,-0.36788247284292097,-0.19969853022292144,-0.3158097818147365,-0.9275692312366411
-0.7603353059910889,0.6237073504015387,-0.18132667624629734,0.6371727476873197,0.662018466680445,-0.39464216624514936,-0.12609961168865041,-0.41559678876185413,-0.9007653396433537
-0.7590268330257544,0.6510489271659163,-0.0036825511541913234,0.6510243418123316,0.7590325366134526,0.006075749333893291,0.006750786229334895,0.0022142263338157117,-0.999974761725029
-0.7590268330257544,0.6510489271659163,-0.0036825511541913234,0.6510243418123316,0.7590325366134526,0.006075749333893291,0.006750786229334895,0.0022142263338157117,-0.999974761725029
-0.7590268330257544,0.6510489271659163,-0.0036825511541913234,0.6510243418123316,0.7590325366134526,0.006075749333893291,0.006750786229334895,0.0022142263338157117,-0.999974761725029
-0.6990455970905943,0.6386499639928795,-0.3216542813023761,0.6967788939026796,0.7094632092932982,-0.1056462383192719,0.16073091239712683,-0.29797345209120163,-0.9409449482561876
-0.6909741222885769,0.6682073894810694,0.2757782568848116,0.6081062532056571,0.7435743995519654,-0.27803578392557915,-0.39084721713184534,-0.024413049252983487,-0.9201317600683412
-0.7194872237672856,0.6526284447625461,0.23751683713468486,0.6242131356897971,0.7575984433379838,-0.1907945488848554,-0.30446033578769327,0.010986889399868138,-0.9524616486732472
-0.7590248612951379,0.6510506979946445,-0.0037747286767380655,0.6510255921350258,0.7590310890362361,0.006122439195714201,0.0068511547301203036,0.002189638589392427,-0.9999741332463115
-0.7453124012496427,0.6635262551098874,-0.06513319678428542,0.6364520758098672,0.678979031131341,-0.36594566602332873,-0.1985904825030717,-0.314198001368238,-0.9283541545096903
-0.659153522305908,0.7440340107880736,0.10922465299705811,0.6965865398292359,0.6588257593872301,-0.2841052820638361,-0.2833440074546264,-0.11118457428282133,-0.9525513969760899
-0.6683897736764421,0.742286927934106,0.04759440159200992,0.6734003599917608,0.631053307943938,-0.38510216527043767,-0.3158909077636157,-0.22534826192176366,-0.9216458621624246
-0.6801849535163365,0.7330304534564107,-0.0038449077320625814,0.7330080240164552,0.6801948293505674,0.005850713823502232,0.006904037765764517,0.0011612192908714712,-0.9999754926158377
-0.6072160427069436,0.7805253356019768,-0.14855597585671382,0.750063219324034,0.6247955967882363,0.21687699106013217,0.26209510582341106,0.020264814764812344,-0.9648292557680673
-0.5915194344948203,0.7373776733822955,-0.3261578228591808,0.7953178145260954,0.6001102004895184,-0.08565816461882218,0.1325682183344231,-0.310067595962143,-0.9414264461028774
-0.6564529207809155,0.7364242835989813,-0.1635507178948852,0.7528409131313257,0.6257590958145466,-0.20409829377276356,-0.047959590425658526,-0.2571085928768012,-0.965191716269423
-0.635917462553367,0.766054447857293,0.09364594885922639,0.7202328210087654,0.6326699706747847,-0.2845933796632004,-0.2772610040403131,-0.11353101393198622,-0.9540634384117928
-0.591257174325718,0.7367542994704045,-0.3280366687128755,0.7953852267884943,0.5999499106219206,-0.08615361716935767,0.13333152221055083,-0.31185446438462683,-0.9407281744629502
-0.6172750322502218,0.786653450417271,0.012160736288967106,0.7221429161368803,0.5726532912333092,-0.38804357579140664,-0.3122197034682632,-0.2307478211950456,-0.9215607954877035
-0.5618139720257418,0.7546541408426078,-0.3389132463415446,0.8177951891530785,0.5684432654842186,-0.0899070771614735,0.12480420439528313,-0.32767267453167964,-0.9365118947085063
-0.6163187577359124,0.7806309032047123,-0.10376214061331365,0.7539372502540647,0.5468545902775209,-0.3640448870287079,-0.22744188607686552,-0.3025978355081211,-0.9255834583675306
-0.5731301734936782,0.7851373075616792,0.23469386976634848,0.8114628633342493,0.583685115009927,0.02897771463090633,-0.11423583352209542,0.2070533621814582,-0.97163731893586
-0.596617918668328,0.8013495922005416,0.043426837369283836,0.8025132205076904,0.5960331542164201,0.02677704212941376,-0.004426063064115311,0.050826274257032664,-0.9986977019153
-0.6002694446428527,0.7814241055264552,-0.17044929196198122,0.7974617610648735,0.5684897361598678,-0.2021735875929266,-0.061084641829774126,-0.25728541968612156,-0.964402861541516
-0.6042242604474493,0.7927464656645878,-0.0804119659194923,0.7853998697128991,0.5755079672772884,-0.22789827611310534,-0.13438782586861897,-0.20085721489821703,-0.9703588467580626
-0.5830843185887876,0.7998658429785882,-0.14222275012107513,0.7721139332645962,0.600055193081173,0.20922198573522555,0.2526910197741975,0.012181891990525884,-0.9674703354795987
-0.6002694446428527,0.7814241055264552,-0.17044929196198122,0.7974617610648735,0.5684897361598678,-0.2021735875929266,-0.061084641829774126,-0.25728541968612156,-0.964402861541516
-0.6002694446428527,0.7814241055264552,-0.17044929196198122,0.7974617610648735,0.5684897361598678,-0.2021735875929266,-0.061084641829774126,-0.25728541968612156,-0.964402861541516
-0.6002694446428527,0.7814241055264552,-0.17044929196198122,0.7974617610648735,0.5684897361598678,-0.2021735875929266,-0.061084641829774126,-0.25728541968612156,-0.964402861541516
-0.6002694446428527,0.7814241055264552,-0.17044929196198122,0.7974617610648735,0.5684897361598678,-0.2021735875929266,-0.061084641829774126,-0.25728541968612156,-0.964402861541516
-0.6002694446428527,0.7814241055264552,-0.17044929196198122,0.7974617610648735,0.5684897361598678,-0.2021735875929266,-0.061084641829774126,-0.25728541968612156,-0.964402861541516
-0.6002694446428527,0.7814241055264552,-0.17044929196198122,0.7974617610648735,0.5684897361598678,-0.2021735875929266,-0.061084641829774126,-0.25728541968612156,-0.964402861541516
-0.6002694446428527,0.7814241055264552,-0.17044929196198122,0.7974617610648735,0.5684897361598678,-0.2021735875929266,-0.061084641829774126,-0.25728541968612156,-0.964402861541516
-0.5805023869055785,0.8102709405614663,0.08048590981384926,0.7631012434635975,0.5758507504625276,-0.29338099020907127,-0.2840659624475229,-0.10888946722884071,-0.9526014974297394
-0.5477760229328623,0.8109358313948155,-0.20572920565601738,0.8085428957459301,0.5763104238782936,0.11884730147550267,0.21494142094683089,-0.10123918554207244,-0.9713654373469004
-0.5877079466619082,0.760399936334153,-0.27638977233873874,0.8063628227712952,0.5225630916054536,-0.27695994898912607,-0.066169233656983,-0.38564199993616716,-0.9202727206662604
-0.5662299067141905,0.8242393765304811,-0.0036253164114065754,0.8242214237738889,0.566241504642848,0.005440864999882264,0.006537379794890743,9.271702708746462e-05,-0.9999786268060784
-0.5872763974064965,0.8038122918376147,-0.09482738285963764,0.7721828942441886,0.521311331116454,-0.36327410296669915,-0.2425696000860687,-0.2865663894115166,-0.9268439424054795
-0.5662299067141905,0.8242393765304811,-0.0036253164114065754,0.8242214237738889,0.566241504642848,0.005440864999882264,0.006537379794890743,9.271702708746462e-05,-0.9999786268060784
-0.5443258205487909,0.7775944546027811,-0.31473205311008384,0.833586717328415,0.5434398069017928,-0.09902707189540938,0.09403502420652755,-0.31625945115608006,-0.9440007276358068
-0.5612204968002515,0.7809687125657775,-0.2740792293564597,0.8229982807251671,0.4914486086269194,-0.28487206778145824,-0.08778031610046588,-0.38544277794767,-0.9185469400271744
-0.5653174562060372,0.8196228506323653,0.09292231395101197,0.7182923330649909,0.5445248115944619,-0.4330691097481648,-0.4055518437497078,-0.17807614180257578,-0.8965581909457532
-0.5662288429075442,0.8242402875520561,-0.0035841087717690795,0.8242230638172215,0.5662401825868688,0.00532885501231045,0.0064217233930077,6.324629472092376e-05,-0.9999793785216623
-0.5265662602114887,0.8396867256891589,-0.13286901936985213,0.813443272112591,0.5430687297998166,0.20829401760102362,0.2470587311989763,0.0015991919939932764,-0.9689991877825895
-0.5812393636342081,0.8081597993286395,-0.09507124124147122,0.8020716983308468,0.5492783378062214,-0.2344659854936443,-0.13726541042364568,-0.21253481212716177,-0.9674642942947819
-0.5263198396133655,0.8397241280423186,-0.13360694298175158,0.8138909008867768,0.5430132476805348,0.20668385107973253,0.24610775664954576,4.0336162811516196e-05,-0.9692424724958775
-0.5507174676537023,0.8036899637240259,0.2253723874621003,0.8272268535264472,0.561550691521486,0.018882628431291987,-0.11138224107023144,0.19683308426434348,-0.974089694696109
-0.5260789388628202,0.8397599829860131,-0.13432840749558672,0.8143367479495288,0.5429557148954577,0.20507255448096484,0.24514610138436788,-0.0015042066659612802,-0.9694849799446876
-0.5622985894900591,0.8176558517598461,-0.12352815201552544,0.7899276587740577,0.4869204716406135,-0.3727234205158286,-0.24461109983242005,-0.30716015754027043,-0.919683667060914
-0.5429409346347892,0.8397637467709006,-0.0034628178122017537,0.8397495790691442,0.5429519170028628,0.0048846981597697355,0.005982135997859756,-0.0002557972159153402,-0.9999820741476756
-0.49523780560784975,0.8582499505539678,-0.13470908755846167,0.8315590369265844,0.5131870288065643,0.21248209705860374,0.25149370569152035,-0.006789391637116254,-0.9678351203375215
-0.5429379700604755,0.8397657228693786,-0.003448385169961054,0.8397524957228447,0.54294882031314,0.004724875429440495,0.005840085090487543,-0.0003304757782393998,-0.9999828919496052
-0.5406567800709436,0.8411683010652232,-0.011231003800430434,0.7715639520738254,0.49051045270367977,-0.4050784660391749,-0.33523024031781357,-0.22767385680283364,-0.9142129406790214
-0.5013442484796086,0.8648606375239339,-0.025884786615131022,0.8494727637324196,0.49766999239974496,0.175272936706275,0.16446874533850245,0.06588365750724212,-0.9841795443313417
-0.5222136796363204,0.8307984910055134,-0.19252724519832698,0.8478692677227376,0.48150511601412316,-0.22196965581704,-0.09170920156671003,-0.27915352513480546,-0.9558570665914481
-0.5072024491427227,0.8610006027051608,0.037731124088390314,0.8126985518237072,0.4924012218364686,-0.3115479105973938,-0.2868217903982765,-0.12735383337498074,-0.9494810486141494
-0.47801125334805505,0.861634328737056,0.17056237924719675,0.8583724078509904,0.49942863620674727,-0.1173364682303063,-0.1862848654956023,0.09031788792100709,-0.9783356417961955
-0.48532377133995586,0.8743291423943397,-0.0030639406555005542,0.8743179732003138,0.48533316507172497,0.004449788799045647,0.005377612040431542,-0.0005192701023041613,-0.9999854057171552
-0.48532296218069404,0.8743297023346942,-0.0030321602004775485,0.8743189233472782,0.485332146384466,0.004373552640912002,0.005295531796953029,-0.0005284895189573884,-0.9999858389206399
-0.45861853033682054,0.8041393860424331,-0.37819160679078223,0.8884419048262153,0.40609111822444055,-0.21391817465561375,-0.018439777126116524,-0.4341081103993825,-0.9006720397042515
-0.48532369277160603,0.8743295847649832,-0.002947955091962518,0.8743192499448385,0.48533238830951386,0.004280424474193412,0.005173239838550756,-0.0005000624724302281,-0.9999864936723378
-0.4853252123934241,0.874328913779374,-0.002896332967310022,0.8743186550603886,0.4853336324939025,0.004260819600267004,0.005131045572847735,-0.0004644347671159156,-0.9999867282477686
-0.4837156200967665,0.875224973770766,-0.0006664550715174966,0.8268281248262854,0.456717885128474,-0.32827431425565706,-0.2870094961332271,-0.1593424572790797,-0.9445821988782214
-0.47275769060546025,0.8682183810582647,-0.1506552646473337,0.8628425589728896,0.4213887686606864,-0.27916701823773366,-0.17889350015723837,-0.2619701289063267,-0.9483505507787164
-0.4399034449507504,0.8757912351073189,-0.19868233849453934,0.882407260033655,0.46263924405010903,0.08557077365923756,0.16686038043933413,-0.13767585980824615,-0.9763211413595942
-0.47327908571402644,0.8673049706108199,-0.154236814604878,0.8619959659463475,0.41987263944824227,-0.2840245083350883,-0.181576049406077,-0.267374371615026,-0.9463303248261422
-0.45506285964461435,0.89043274876062,0.006878495960084469,0.8381623382927513,0.4309323600237569,-0.3343369494267467,-0.3006687353877915,-0.1463790320331505,-0.9424285068594562
-0.469643189679521,0.8588878929105859,-0.2043204879576666,0.872157227557157,0.4154352610486788,-0.2583704981170036,-0.137029357465685,-0.2995415351650403,-0.9441916245675516
-0.45581740934784065,0.8900685032241384,0.002923850845167386,0.8373809209904708,0.4299441579581935,-0.3375517948386153,-0.3017013133822486,-0.15141360773048643,-0.9413024152191816
-0.41898550684286007,0.850981250423231,-0.31667342244613084,0.9079832419913572,0.39428413688726094,-0.14179722021934074,0.004192531275514777,-0.3469451409476456,-0.937876053566953
-0.42776034429848964,0.9038884981661389,-0.0025827753675886312,0.9038805017476076,0.4277675975534809,0.00386277669766806,0.004596347042020038,-0.0006821776050147019,-0.9999892040555161
-0.42776180176053535,0.903887924507639,-0.0025418268731609035,0.9038799779718547,0.4277688562094123,0.003845917171575608,0.004563592464258152,-0.0006523699593859822,-0.9999893739621717
-0.38438705309274235,0.9039025686703948,-0.1876345910692891,0.911238587461008,0.40407319010874165,0.07980660221692754,0.14795550052885414,-0.14030325508129343,-0.9789914026572704
-0.42776240624676165,0.9038878074852504,-0.002480983975730774,0.9038801523722392,0.42776913898555446,0.0037727813474854703,0.0044714594394352,-0.0006286581465733303,-0.9999898053677428
-0.4277638566850763,0.9038872257550825,-0.0024425459443049814,0.9038796206559803,0.4277704079771498,0.0037562510384602284,0.004440076205491738,-0.0006009790706841189,-0.9999899622233446
-0.4205576307633818,0.8502642104031565,-0.31651548416181463,0.9072323940205015,0.39112542612479506,-0.15475879386492772,-0.0077886100506220635,-0.3522380921283138,-0.9358780176963688
-0.38474928615501314,0.904155090458319,-0.18566518036917048,0.9117603780784985,0.4036116830839179,0.07609613816955327,0.14373934662910134,-0.14000422020951872,-0.9796620940682372
-0.42088392013034703,0.8496388297499653,-0.3177586895063947,0.9070580334906715,0.39028309031389286,-0.1578760060777885,-0.010121741734882173,-0.3546730443607854,-0.9349356031022162
-0.38490869936474126,0.9042933865069668,-0.18465850717772198,0.9118885376004994,0.4034936429319147,0.0751809490918754,0.14249416881460802,-0.13945017473382365,-0.9799229870865057
-0.39371246367690693,0.9127977104306719,-0.1085856149680218,0.8983830592623341,0.40710477521392785,0.16484411068784577,0.19467504918686848,-0.03265029602531282,-0.9803242236084702
-0.42101109808792847,0.889873863903011,-0.1757104482639605,0.8806770332865812,0.3546472103424697,-0.3140594199158009,-0.2171580491907735,-0.2869666575381692,-0.9330018859214748
-0.42290103494986764,0.8860698711800663,0.18982860170498947,0.8995657950332778,0.4357576042540473,-0.02994479488859332,-0.1092524372473114,0.15809963226305668,-0.9813604899494418
-0.44112445539679046,0.8972320714449163,-0.019591447663448586,0.841897257082095,0.40616081436247864,-0.35530606720692715,-0.3108347203394918,-0.17322818144595598,-0.9345446879547263
-0.42120062846775597,0.8903721522355711,-0.17270628564636564,0.8790007751430514,0.35382078925365235,-0.3196380552904121,-0.22348974892885298,-0.28644070872576555,-0.9316673507794503
-0.3857388750142293,0.905122512992089,-0.17877012272089157,0.9121500695981766,0.40323065255969526,0.07339817006114314,0.13851992937768445,-0.13475265233444736,-0.9811493015102405
-0.42777803828885685,0.9038811640910884,-0.00218887164456394,0.9038735820028734,0.42778346403240364,0.0037223188649739905,0.004300897003224774,-0.00038613699197235043,-0.9999906765481321
-0.4221825617490219,0.8535318786039829,-0.3053607976833129,0.9062723308874749,0.3896779741682388,-0.16377282654921899,-0.0207929512772084,-0.3458820733355421,-0.9380475705007131
-0.4570483020389151,0.889434587090506,-0.0036006791700378127,0.8306769299172072,0.42540080553495796,-0.3591796107152129,-0.3179350369284071,-0.16715343232297047,-0.9332615080222598
-0.4564282247753473,0.8897601349010625,-0.0004218640395251272,0.8309015912026277,0.4260653528141817,-0.3578698937718393,-0.31823862330862085,-0.16369244781653525,-0.933771364501217
-0.4445385418477771,0.8420313504826085,-0.3055629061523778,0.8956560230560846,0.4230168909152061,-0.13732078635003336,0.013629863359941347,-0.33472363944733224,-0.9422177625262228
-0.44624223418616393,0.836512696396803,-0.3179848694442724,0.8949094400404978,0.4180048985025011,-0.15623379581357077,0.0022276792730664963,-0.3542857795549573,-0.9351345485277467
-0.47493593896048425,0.8271636619502746,-0.30039329258945674,0.8799747306088866,0.4498631393170911,-0.1525373048588083,0.008962553963053232,-0.3367839548327434,-0.9415392930694269
-0.5211716008272411,0.853448773950358,-0.0023135975884940084,0.8534380486079878,0.5211766714859609,0.004286523883605712,0.004864121643301475,0.00025950230321451816,-0.9999881364192247
-0.49679158916286376,0.7911539870546093,-0.35675409696965166,0.8672721948228223,0.4373123061445312,-0.23790100248161308,-0.032203369765308604,-0.4275901257771827,-0.9033989303256962
-0.49718910366228025,0.8240339616997453,0.271608219987763,0.8263279878210831,0.5451629051332635,-0.1413487297792956,-0.26454688004786314,0.15416042563538443,-0.951971381620718
-0.5206295502967354,0.7762540850773958,-0.35549186595261806,0.8537743686762198,0.4715110097943117,-0.2207865372577563,-0.003768122787442957,-0.41845783902730693,-0.9082284064084625
-0.5281613994076024,0.7367430332827567,-0.42220284116183515,0.8451760311476919,0.5041184228110187,-0.17760093512131753,0.08199397873770187,-0.4506376800622131,-0.8889334445046534
-0.5279451544664122,0.7382261360676949,-0.4198762745166694,0.8448951809554459,0.5067070014093209,-0.17146471334078905,0.0861745152217328,-0.4452754055069018,-0.8912372109472111
