[-0.71795812  0.51045672 -0.47325476],[ 0.67947777  0.66156382 -0.31724326],[ 0.15114927 -0.54933346 -0.82181911]
[-0.71795812  0.51045672 -0.47325476],[ 0.67947777  0.66156382 -0.31724326],[ 0.15114927 -0.54933346 -0.82181911]
[-0.71795812  0.51045672 -0.47325476],[ 0.67947777  0.66156382 -0.31724326],[ 0.15114927 -0.54933346 -0.82181911]
[-0.71795812  0.51045672 -0.47325476],[ 0.67947777  0.66156382 -0.31724326],[ 0.15114927 -0.54933346 -0.82181911]
[-0.71795812  0.51045672 -0.47325476],[ 0.67947777  0.66156382 -0.31724326],[ 0.15114927 -0.54933346 -0.82181911]
[-0.71795812  0.51045672 -0.47325476],[ 0.67947777  0.66156382 -0.31724326],[ 0.15114927 -0.54933346 -0.82181911]
[-0.71795812  0.51045672 -0.47325476],[ 0.67947777  0.66156382 -0.31724326],[ 0.15114927 -0.54933346 -0.82181911]
[-0.71795812  0.51045672 -0.47325476],[ 0.67947777  0.66156382 -0.31724326],[ 0.15114927 -0.54933346 -0.82181911]
[-0.71795812  0.51045672 -0.47325476],[ 0.67947777  0.66156382 -0.31724326],[ 0.15114927 -0.54933346 -0.82181911]
[-0.71795812  0.51045672 -0.47325476],[ 0.67947777  0.66156382 -0.31724326],[ 0.15114927 -0.54933346 -0.82181911]
[-0.71795812  0.51045672 -0.47325476],[ 0.67947777  0.66156382 -0.31724326],[ 0.15114927 -0.54933346 -0.82181911]
[-0.71795812  0.51045672 -0.47325476],[ 0.67947777  0.66156382 -0.31724326],[ 0.15114927 -0.54933346 -0.82181911]
[-0.71795812  0.51045672 -0.47325476],[ 0.67947777  0.66156382 -0.31724326],[ 0.15114927 -0.54933346 -0.82181911]
[-0.71795812  0.51045672 -0.47325476],[ 0.67947777  0.66156382 -0.31724326],[ 0.15114927 -0.54933346 -0.82181911]
[-0.71795812  0.51045672 -0.47325476],[ 0.67947777  0.66156382 -0.31724326],[ 0.15114927 -0.54933346 -0.82181911]
[-0.71795812  0.51045672 -0.47325476],[ 0.67947777  0.66156382 -0.31724326],[ 0.15114927 -0.54933346 -0.82181911]
[-0.71795812  0.51045672 -0.47325476],[ 0.67947777  0.66156382 -0.31724326],[ 0.15114927 -0.54933346 -0.82181911]
[-0.71795812  0.51045672 -0.47325476],[ 0.67947777  0.66156382 -0.31724326],[ 0.15114927 -0.54933346 -0.82181911]
[-0.71795812  0.51045672 -0.47325476],[ 0.67947777  0.66156382 -0.31724326],[ 0.15114927 -0.54933346 -0.82181911]
[-0.71795812  0.51045672 -0.47325476],[ 0.67947777  0.66156382 -0.31724326],[ 0.15114927 -0.54933346 -0.82181911]
[-0.71795812  0.51045672 -0.47325476],[ 0.67947777  0.66156382 -0.31724326],[ 0.15114927 -0.54933346 -0.82181911]
[-0.71795812  0.51045672 -0.47325476],[ 0.67947777  0.66156382 -0.31724326],[ 0.15114927 -0.54933346 -0.82181911]
[-0.71795812  0.51045672 -0.47325476],[ 0.67947777  0.66156382 -0.31724326],[ 0.15114927 -0.54933346 -0.82181911]
[-0.71795812  0.51045672 -0.47325476],[ 0.67947777  0.66156382 -0.31724326],[ 0.15114927 -0.54933346 -0.82181911]
[-0.71795812  0.51045672 -0.47325476],[ 0.67947777  0.66156382 -0.31724326],[ 0.15114927 -0.54933346 -0.82181911]
[-0.71795812  0.51045672 -0.47325476],[ 0.67947777  0.66156382 -0.31724326],[ 0.15114927 -0.54933346 -0.82181911]
[-0.71795812  0.51045672 -0.47325476],[ 0.67947777  0.66156382 -0.31724326],[ 0.15114927 -0.54933346 -0.82181911]
[-0.71795812  0.51045672 -0.47325476],[ 0.67947777  0.66156382 -0.31724326],[ 0.15114927 -0.54933346 -0.82181911]
[-0.71795812  0.51045672 -0.47325476],[ 0.67947777  0.66156382 -0.31724326],[ 0.15114927 -0.54933346 -0.82181911]
[-0.71795812  0.51045672 -0.47325476],[ 0.67947777  0.66156382 -0.31724326],[ 0.15114927 -0.54933346 -0.82181911]
[-0.71795812  0.51045672 -0.47325476],[ 0.67947777  0.66156382 -0.31724326],[ 0.15114927 -0.54933346 -0.82181911]
[-0.71795812  0.51045672 -0.47325476],[ 0.67947777  0.66156382 -0.31724326],[ 0.15114927 -0.54933346 -0.82181911]
[-0.71795812  0.51045672 -0.47325476],[ 0.67947777  0.66156382 -0.31724326],[ 0.15114927 -0.54933346 -0.82181911]
[-0.71795812  0.51045672 -0.47325476],[ 0.67947777  0.66156382 -0.31724326],[ 0.15114927 -0.54933346 -0.82181911]
[-0.71795812  0.51045672 -0.47325476],[ 0.67947777  0.66156382 -0.31724326],[ 0.15114927 -0.54933346 -0.82181911]
[-0.71795812  0.51045672 -0.47325476],[ 0.67947777  0.66156382 -0.31724326],[ 0.15114927 -0.54933346 -0.82181911]
[-0.71795812  0.51045672 -0.47325476],[ 0.67947777  0.66156382 -0.31724326],[ 0.15114927 -0.54933346 -0.82181911]
[-0.71795812  0.51045672 -0.47325476],[ 0.67947777  0.66156382 -0.31724326],[ 0.15114927 -0.54933346 -0.82181911]
[-0.71795812  0.51045672 -0.47325476],[ 0.67947777  0.66156382 -0.31724326],[ 0.15114927 -0.54933346 -0.82181911]
[-0.71795812  0.51045672 -0.47325476],[ 0.67947777  0.66156382 -0.31724326],[ 0.15114927 -0.54933346 -0.82181911]
[-0.71795812  0.51045672 -0.47325476],[ 0.67947777  0.66156382 -0.31724326],[ 0.15114927 -0.54933346 -0.82181911]
[-0.77310625  0.62429588 -0.11207755],[ 0.63339351  0.75056091 -0.18833741],[-0.03345724 -0.21659403 -0.97568829]
[-0.71795812  0.51045672 -0.47325476],[ 0.67947777  0.66156382 -0.31724326],[ 0.15114927 -0.54933346 -0.82181911]
[-0.71795812  0.51045672 -0.47325476],[ 0.67947777  0.66156382 -0.31724326],[ 0.15114927 -0.54933346 -0.82181911]
[-0.71795812  0.51045672 -0.47325476],[ 0.67947777  0.66156382 -0.31724326],[ 0.15114927 -0.54933346 -0.82181911]
[-0.71795812  0.51045672 -0.47325476],[ 0.67947777  0.66156382 -0.31724326],[ 0.15114927 -0.54933346 -0.82181911]
[-0.71795812  0.51045672 -0.47325476],[ 0.67947777  0.66156382 -0.31724326],[ 0.15114927 -0.54933346 -0.82181911]
[-0.71795812  0.51045672 -0.47325476],[ 0.67947777  0.66156382 -0.31724326],[ 0.15114927 -0.54933346 -0.82181911]
[-0.71795812  0.51045672 -0.47325476],[ 0.67947777  0.66156382 -0.31724326],[ 0.15114927 -0.54933346 -0.82181911]
[-0.71795812  0.51045672 -0.47325476],[ 0.67947777  0.66156382 -0.31724326],[ 0.15114927 -0.54933346 -0.82181911]
[-0.71795812  0.51045672 -0.47325476],[ 0.67947777  0.66156382 -0.31724326],[ 0.15114927 -0.54933346 -0.82181911]
[-0.71795812  0.51045672 -0.47325476],[ 0.67947777  0.66156382 -0.31724326],[ 0.15114927 -0.54933346 -0.82181911]
[-0.71795812  0.51045672 -0.47325476],[ 0.67947777  0.66156382 -0.31724326],[ 0.15114927 -0.54933346 -0.82181911]
[-0.71795812  0.51045672 -0.47325476],[ 0.67947777  0.66156382 -0.31724326],[ 0.15114927 -0.54933346 -0.82181911]
[-0.71795812  0.51045672 -0.47325476],[ 0.67947777  0.66156382 -0.31724326],[ 0.15114927 -0.54933346 -0.82181911]
[-0.71795812  0.51045672 -0.47325476],[ 0.67947777  0.66156382 -0.31724326],[ 0.15114927 -0.54933346 -0.82181911]
[-0.71795812  0.51045672 -0.47325476],[ 0.67947777  0.66156382 -0.31724326],[ 0.15114927 -0.54933346 -0.82181911]
[-0.71795812  0.51045672 -0.47325476],[ 0.67947777  0.66156382 -0.31724326],[ 0.15114927 -0.54933346 -0.82181911]
[-0.71795812  0.51045672 -0.47325476],[ 0.67947777  0.66156382 -0.31724326],[ 0.15114927 -0.54933346 -0.82181911]
[-0.77310625  0.62429588 -0.11207755],[ 0.63339351  0.75056091 -0.18833741],[-0.03345724 -0.21659403 -0.97568829]
[-0.71795812  0.51045672 -0.47325476],[ 0.67947777  0.66156382 -0.31724326],[ 0.15114927 -0.54933346 -0.82181911]
[-0.71795812  0.51045672 -0.47325476],[ 0.67947777  0.66156382 -0.31724326],[ 0.15114927 -0.54933346 -0.82181911]
[-0.71795812  0.51045672 -0.47325476],[ 0.67947777  0.66156382 -0.31724326],[ 0.15114927 -0.54933346 -0.82181911]
[-0.71795812  0.51045672 -0.47325476],[ 0.67947777  0.66156382 -0.31724326],[ 0.15114927 -0.54933346 -0.82181911]
[-0.71795812  0.51045672 -0.47325476],[ 0.67947777  0.66156382 -0.31724326],[ 0.15114927 -0.54933346 -0.82181911]
[-0.77310625  0.62429588 -0.11207755],[ 0.63339351  0.75056091 -0.18833741],[-0.03345724 -0.21659403 -0.97568829]
[-0.71795812  0.51045672 -0.47325476],[ 0.67947777  0.66156382 -0.31724326],[ 0.15114927 -0.54933346 -0.82181911]
[-0.71795812  0.51045672 -0.47325476],[ 0.67947777  0.66156382 -0.31724326],[ 0.15114927 -0.54933346 -0.82181911]
[-0.71795812  0.51045672 -0.47325476],[ 0.67947777  0.66156382 -0.31724326],[ 0.15114927 -0.54933346 -0.82181911]
[-0.71795812  0.51045672 -0.47325476],[ 0.67947777  0.66156382 -0.31724326],[ 0.15114927 -0.54933346 -0.82181911]
[-0.71795812  0.51045672 -0.47325476],[ 0.67947777  0.66156382 -0.31724326],[ 0.15114927 -0.54933346 -0.82181911]
[-0.71795812  0.51045672 -0.47325476],[ 0.67947777  0.66156382 -0.31724326],[ 0.15114927 -0.54933346 -0.82181911]
[-0.71795812  0.51045672 -0.47325476],[ 0.67947777  0.66156382 -0.31724326],[ 0.15114927 -0.54933346 -0.82181911]
[-0.71795812  0.51045672 -0.47325476],[ 0.67947777  0.66156382 -0.31724326],[ 0.15114927 -0.54933346 -0.82181911]
[-0.71795812  0.51045672 -0.47325476],[ 0.67947777  0.66156382 -0.31724326],[ 0.15114927 -0.54933346 -0.82181911]
[-0.71795812  0.51045672 -0.47325476],[ 0.67947777  0.66156382 -0.31724326],[ 0.15114927 -0.54933346 -0.82181911]
[-0.71795812  0.51045672 -0.47325476],[ 0.67947777  0.66156382 -0.31724326],[ 0.15114927 -0.54933346 -0.82181911]
[-0.71795812  0.51045672 -0.47325476],[ 0.67947777  0.66156382 -0.31724326],[ 0.15114927 -0.54933346 -0.82181911]
[-0.71795812  0.51045672 -0.47325476],[ 0.67947777  0.66156382 -0.31724326],[ 0.15114927 -0.54933346 -0.82181911]
[-0.71795812  0.51045672 -0.47325476],[ 0.67947777  0.66156382 -0.31724326],[ 0.15114927 -0.54933346 -0.82181911]
[-0.60225573  0.54311125 -0.58507966],[ 0.72230051  0.6828308  -0.10965436],[ 0.33995589 -0.4886433  -0.80352829]
[-0.71795812  0.51045672 -0.47325476],[ 0.67947777  0.66156382 -0.31724326],[ 0.15114927 -0.54933346 -0.82181911]
[-0.71795812  0.51045672 -0.47325476],[ 0.67947777  0.66156382 -0.31724326],[ 0.15114927 -0.54933346 -0.82181911]
[-0.71795812  0.51045672 -0.47325476],[ 0.67947777  0.66156382 -0.31724326],[ 0.15114927 -0.54933346 -0.82181911]
[-0.71795812  0.51045672 -0.47325476],[ 0.67947777  0.66156382 -0.31724326],[ 0.15114927 -0.54933346 -0.82181911]
[-0.71795812  0.51045672 -0.47325476],[ 0.67947777  0.66156382 -0.31724326],[ 0.15114927 -0.54933346 -0.82181911]
[-0.71795812  0.51045672 -0.47325476],[ 0.67947777  0.66156382 -0.31724326],[ 0.15114927 -0.54933346 -0.82181911]
[-0.71795812  0.51045672 -0.47325476],[ 0.67947777  0.66156382 -0.31724326],[ 0.15114927 -0.54933346 -0.82181911]
[-0.71795812  0.51045672 -0.47325476],[ 0.67947777  0.66156382 -0.31724326],[ 0.15114927 -0.54933346 -0.82181911]
[-0.71795812  0.51045672 -0.47325476],[ 0.67947777  0.66156382 -0.31724326],[ 0.15114927 -0.54933346 -0.82181911]
[-0.71795812  0.51045672 -0.47325476],[ 0.67947777  0.66156382 -0.31724326],[ 0.15114927 -0.54933346 -0.82181911]
[-0.71795812  0.51045672 -0.47325476],[ 0.67947777  0.66156382 -0.31724326],[ 0.15114927 -0.54933346 -0.82181911]
[-0.71795812  0.51045672 -0.47325476],[ 0.67947777  0.66156382 -0.31724326],[ 0.15114927 -0.54933346 -0.82181911]
[-0.71795812  0.51045672 -0.47325476],[ 0.67947777  0.66156382 -0.31724326],[ 0.15114927 -0.54933346 -0.82181911]
[-0.71795812  0.51045672 -0.47325476],[ 0.67947777  0.66156382 -0.31724326],[ 0.15114927 -0.54933346 -0.82181911]
[-0.71795812  0.51045672 -0.47325476],[ 0.67947777  0.66156382 -0.31724326],[ 0.15114927 -0.54933346 -0.82181911]
[-0.71795812  0.51045672 -0.47325476],[ 0.67947777  0.66156382 -0.31724326],[ 0.15114927 -0.54933346 -0.82181911]
[-0.71795812  0.51045672 -0.47325476],[ 0.67947777  0.66156382 -0.31724326],[ 0.15114927 -0.54933346 -0.82181911]
[-0.70239525  0.50733784 -0.49924867],[ 0.68750944  0.66519245 -0.29128984],[ 0.18431408 -0.54783878 -0.81602757]
[-0.74285642  0.66010746 -0.1114562 ],[ 0.66838356  0.74071799 -0.06782531],[ 0.03778562 -0.12487996 -0.99145209]
[-0.71795812  0.51045672 -0.47325476],[ 0.67947777  0.66156382 -0.31724326],[ 0.15114927 -0.54933346 -0.82181911]
[-0.77310625  0.62429588 -0.11207755],[ 0.63339351  0.75056091 -0.18833741],[-0.03345724 -0.21659403 -0.97568829]
[-0.71795812  0.51045672 -0.47325476],[ 0.67947777  0.66156382 -0.31724326],[ 0.15114927 -0.54933346 -0.82181911]
[-0.77310625  0.62429588 -0.11207755],[ 0.63339351  0.75056091 -0.18833741],[-0.03345724 -0.21659403 -0.97568829]
[-0.71795812  0.51045672 -0.47325476],[ 0.67947777  0.66156382 -0.31724326],[ 0.15114927 -0.54933346 -0.82181911]
[-0.71795812  0.51045672 -0.47325476],[ 0.67947777  0.66156382 -0.31724326],[ 0.15114927 -0.54933346 -0.82181911]
[-0.71795812  0.51045672 -0.47325476],[ 0.67947777  0.66156382 -0.31724326],[ 0.15114927 -0.54933346 -0.82181911]
[-0.77310625  0.62429588 -0.11207755],[ 0.63339351  0.75056091 -0.18833741],[-0.03345724 -0.21659403 -0.97568829]
[-0.77310625  0.62429588 -0.11207755],[ 0.63339351  0.75056091 -0.18833741],[-0.03345724 -0.21659403 -0.97568829]
[-0.71795812  0.51045672 -0.47325476],[ 0.67947777  0.66156382 -0.31724326],[ 0.15114927 -0.54933346 -0.82181911]
[-0.71795812  0.51045672 -0.47325476],[ 0.67947777  0.66156382 -0.31724326],[ 0.15114927 -0.54933346 -0.82181911]
[-0.71795812  0.51045672 -0.47325476],[ 0.67947777  0.66156382 -0.31724326],[ 0.15114927 -0.54933346 -0.82181911]
[-0.71795812  0.51045672 -0.47325476],[ 0.67947777  0.66156382 -0.31724326],[ 0.15114927 -0.54933346 -0.82181911]
[-0.77310625  0.62429588 -0.11207755],[ 0.63339351  0.75056091 -0.18833741],[-0.03345724 -0.21659403 -0.97568829]
[-0.71795812  0.51045672 -0.47325476],[ 0.67947777  0.66156382 -0.31724326],[ 0.15114927 -0.54933346 -0.82181911]
[-0.71795812  0.51045672 -0.47325476],[ 0.67947777  0.66156382 -0.31724326],[ 0.15114927 -0.54933346 -0.82181911]
[-0.74285642  0.66010746 -0.1114562 ],[ 0.66838356  0.74071799 -0.06782531],[ 0.03778562 -0.12487996 -0.99145209]
[-0.71795812  0.51045672 -0.47325476],[ 0.67947777  0.66156382 -0.31724326],[ 0.15114927 -0.54933346 -0.82181911]
[-0.71795812  0.51045672 -0.47325476],[ 0.67947777  0.66156382 -0.31724326],[ 0.15114927 -0.54933346 -0.82181911]
[-0.71795812  0.51045672 -0.47325476],[ 0.67947777  0.66156382 -0.31724326],[ 0.15114927 -0.54933346 -0.82181911]
[-0.70239525  0.50733784 -0.49924867],[ 0.68750944  0.66519245 -0.29128984],[ 0.18431408 -0.54783878 -0.81602757]
[-0.70239525  0.50733784 -0.49924867],[ 0.68750944  0.66519245 -0.29128984],[ 0.18431408 -0.54783878 -0.81602757]
[-0.71795812  0.51045672 -0.47325476],[ 0.67947777  0.66156382 -0.31724326],[ 0.15114927 -0.54933346 -0.82181911]
[-0.71795812  0.51045672 -0.47325476],[ 0.67947777  0.66156382 -0.31724326],[ 0.15114927 -0.54933346 -0.82181911]
[-0.71795812  0.51045672 -0.47325476],[ 0.67947777  0.66156382 -0.31724326],[ 0.15114927 -0.54933346 -0.82181911]
[-0.77310625  0.62429588 -0.11207755],[ 0.63339351  0.75056091 -0.18833741],[-0.03345724 -0.21659403 -0.97568829]
[-0.77310625  0.62429588 -0.11207755],[ 0.63339351  0.75056091 -0.18833741],[-0.03345724 -0.21659403 -0.97568829]
[-0.71795812  0.51045672 -0.47325476],[ 0.67947777  0.66156382 -0.31724326],[ 0.15114927 -0.54933346 -0.82181911]
[-0.71795812  0.51045672 -0.47325476],[ 0.67947777  0.66156382 -0.31724326],[ 0.15114927 -0.54933346 -0.82181911]
[-0.71795812  0.51045672 -0.47325476],[ 0.67947777  0.66156382 -0.31724326],[ 0.15114927 -0.54933346 -0.82181911]
[-0.71795812  0.51045672 -0.47325476],[ 0.67947777  0.66156382 -0.31724326],[ 0.15114927 -0.54933346 -0.82181911]
[-0.71795812  0.51045672 -0.47325476],[ 0.67947777  0.66156382 -0.31724326],[ 0.15114927 -0.54933346 -0.82181911]
[-0.71795812  0.51045672 -0.47325476],[ 0.67947777  0.66156382 -0.31724326],[ 0.15114927 -0.54933346 -0.82181911]
[-0.71795812  0.51045672 -0.47325476],[ 0.67947777  0.66156382 -0.31724326],[ 0.15114927 -0.54933346 -0.82181911]
[-0.71795812  0.51045672 -0.47325476],[ 0.67947777  0.66156382 -0.31724326],[ 0.15114927 -0.54933346 -0.82181911]
[-0.77310625  0.62429588 -0.11207755],[ 0.63339351  0.75056091 -0.18833741],[-0.03345724 -0.21659403 -0.97568829]
[-0.71795812  0.51045672 -0.47325476],[ 0.67947777  0.66156382 -0.31724326],[ 0.15114927 -0.54933346 -0.82181911]
[-0.71795812  0.51045672 -0.47325476],[ 0.67947777  0.66156382 -0.31724326],[ 0.15114927 -0.54933346 -0.82181911]
[-0.70239525  0.50733784 -0.49924867],[ 0.68750944  0.66519245 -0.29128984],[ 0.18431408 -0.54783878 -0.81602757]
[-0.71795812  0.51045672 -0.47325476],[ 0.67947777  0.66156382 -0.31724326],[ 0.15114927 -0.54933346 -0.82181911]
[-0.71795812  0.51045672 -0.47325476],[ 0.67947777  0.66156382 -0.31724326],[ 0.15114927 -0.54933346 -0.82181911]
[-0.77310625  0.62429588 -0.11207755],[ 0.63339351  0.75056091 -0.18833741],[-0.03345724 -0.21659403 -0.97568829]
[-0.71795812  0.51045672 -0.47325476],[ 0.67947777  0.66156382 -0.31724326],[ 0.15114927 -0.54933346 -0.82181911]
[-0.71795812  0.51045672 -0.47325476],[ 0.67947777  0.66156382 -0.31724326],[ 0.15114927 -0.54933346 -0.82181911]
[-0.77310625  0.62429588 -0.11207755],[ 0.63339351  0.75056091 -0.18833741],[-0.03345724 -0.21659403 -0.97568829]
[-0.77310625  0.62429588 -0.11207755],[ 0.63339351  0.75056091 -0.18833741],[-0.03345724 -0.21659403 -0.97568829]
[-0.77310625  0.62429588 -0.11207755],[ 0.63339351  0.75056091 -0.18833741],[-0.03345724 -0.21659403 -0.97568829]
[-0.71795812  0.51045672 -0.47325476],[ 0.67947777  0.66156382 -0.31724326],[ 0.15114927 -0.54933346 -0.82181911]
[-0.71795812  0.51045672 -0.47325476],[ 0.67947777  0.66156382 -0.31724326],[ 0.15114927 -0.54933346 -0.82181911]
[-0.71795812  0.51045672 -0.47325476],[ 0.67947777  0.66156382 -0.31724326],[ 0.15114927 -0.54933346 -0.82181911]
[-0.70239525  0.50733784 -0.49924867],[ 0.68750944  0.66519245 -0.29128984],[ 0.18431408 -0.54783878 -0.81602757]
[-0.71795812  0.51045672 -0.47325476],[ 0.67947777  0.66156382 -0.31724326],[ 0.15114927 -0.54933346 -0.82181911]
[-0.71795812  0.51045672 -0.47325476],[ 0.67947777  0.66156382 -0.31724326],[ 0.15114927 -0.54933346 -0.82181911]
[-0.71795812  0.51045672 -0.47325476],[ 0.67947777  0.66156382 -0.31724326],[ 0.15114927 -0.54933346 -0.82181911]
[-0.71795812  0.51045672 -0.47325476],[ 0.67947777  0.66156382 -0.31724326],[ 0.15114927 -0.54933346 -0.82181911]
[-0.71795812  0.51045672 -0.47325476],[ 0.67947777  0.66156382 -0.31724326],[ 0.15114927 -0.54933346 -0.82181911]
[-0.77310625  0.62429588 -0.11207755],[ 0.63339351  0.75056091 -0.18833741],[-0.03345724 -0.21659403 -0.97568829]
[-0.71795812  0.51045672 -0.47325476],[ 0.67947777  0.66156382 -0.31724326],[ 0.15114927 -0.54933346 -0.82181911]
[-0.71795812  0.51045672 -0.47325476],[ 0.67947777  0.66156382 -0.31724326],[ 0.15114927 -0.54933346 -0.82181911]
[-0.71795812  0.51045672 -0.47325476],[ 0.67947777  0.66156382 -0.31724326],[ 0.15114927 -0.54933346 -0.82181911]
[-0.70239525  0.50733784 -0.49924867],[ 0.68750944  0.66519245 -0.29128984],[ 0.18431408 -0.54783878 -0.81602757]
[-0.70239525  0.50733784 -0.49924867],[ 0.68750944  0.66519245 -0.29128984],[ 0.18431408 -0.54783878 -0.81602757]
[-0.70239525  0.50733784 -0.49924867],[ 0.68750944  0.66519245 -0.29128984],[ 0.18431408 -0.54783878 -0.81602757]
[-0.77310625  0.62429588 -0.11207755],[ 0.63339351  0.75056091 -0.18833741],[-0.03345724 -0.21659403 -0.97568829]
[-0.77310625  0.62429588 -0.11207755],[ 0.63339351  0.75056091 -0.18833741],[-0.03345724 -0.21659403 -0.97568829]
[-0.71795812  0.51045672 -0.47325476],[ 0.67947777  0.66156382 -0.31724326],[ 0.15114927 -0.54933346 -0.82181911]
[-0.77310625  0.62429588 -0.11207755],[ 0.63339351  0.75056091 -0.18833741],[-0.03345724 -0.21659403 -0.97568829]
[-0.77310625  0.62429588 -0.11207755],[ 0.63339351  0.75056091 -0.18833741],[-0.03345724 -0.21659403 -0.97568829]
[-0.71795812  0.51045672 -0.47325476],[ 0.67947777  0.66156382 -0.31724326],[ 0.15114927 -0.54933346 -0.82181911]
[-0.71795812  0.51045672 -0.47325476],[ 0.67947777  0.66156382 -0.31724326],[ 0.15114927 -0.54933346 -0.82181911]
[-0.71795812  0.51045672 -0.47325476],[ 0.67947777  0.66156382 -0.31724326],[ 0.15114927 -0.54933346 -0.82181911]
[-0.60225573  0.54311125 -0.58507966],[ 0.72230051  0.6828308  -0.10965436],[ 0.33995589 -0.4886433  -0.80352829]
[-0.71795812  0.51045672 -0.47325476],[ 0.67947777  0.66156382 -0.31724326],[ 0.15114927 -0.54933346 -0.82181911]
[-0.71795812  0.51045672 -0.47325476],[ 0.67947777  0.66156382 -0.31724326],[ 0.15114927 -0.54933346 -0.82181911]
[-0.71795812  0.51045672 -0.47325476],[ 0.67947777  0.66156382 -0.31724326],[ 0.15114927 -0.54933346 -0.82181911]
[-0.71795812  0.51045672 -0.47325476],[ 0.67947777  0.66156382 -0.31724326],[ 0.15114927 -0.54933346 -0.82181911]
[-0.71795812  0.51045672 -0.47325476],[ 0.67947777  0.66156382 -0.31724326],[ 0.15114927 -0.54933346 -0.82181911]
[-0.71795812  0.51045672 -0.47325476],[ 0.67947777  0.66156382 -0.31724326],[ 0.15114927 -0.54933346 -0.82181911]
[-0.71795812  0.51045672 -0.47325476],[ 0.67947777  0.66156382 -0.31724326],[ 0.15114927 -0.54933346 -0.82181911]
[-0.70239525  0.50733784 -0.49924867],[ 0.68750944  0.66519245 -0.29128984],[ 0.18431408 -0.54783878 -0.81602757]
[-0.71795812  0.51045672 -0.47325476],[ 0.67947777  0.66156382 -0.31724326],[ 0.15114927 -0.54933346 -0.82181911]
[-0.71795812  0.51045672 -0.47325476],[ 0.67947777  0.66156382 -0.31724326],[ 0.15114927 -0.54933346 -0.82181911]
[-0.71795812  0.51045672 -0.47325476],[ 0.67947777  0.66156382 -0.31724326],[ 0.15114927 -0.54933346 -0.82181911]
[-0.71795812  0.51045672 -0.47325476],[ 0.67947777  0.66156382 -0.31724326],[ 0.15114927 -0.54933346 -0.82181911]
[-0.74285642  0.66010746 -0.1114562 ],[ 0.66838356  0.74071799 -0.06782531],[ 0.03778562 -0.12487996 -0.99145209]
[-0.70239525  0.50733784 -0.49924867],[ 0.68750944  0.66519245 -0.29128984],[ 0.18431408 -0.54783878 -0.81602757]
[-0.71795812  0.51045672 -0.47325476],[ 0.67947777  0.66156382 -0.31724326],[ 0.15114927 -0.54933346 -0.82181911]
[-0.71795812  0.51045672 -0.47325476],[ 0.67947777  0.66156382 -0.31724326],[ 0.15114927 -0.54933346 -0.82181911]
[-0.71795812  0.51045672 -0.47325476],[ 0.67947777  0.66156382 -0.31724326],[ 0.15114927 -0.54933346 -0.82181911]
[-0.74285642  0.66010746 -0.1114562 ],[ 0.66838356  0.74071799 -0.06782531],[ 0.03778562 -0.12487996 -0.99145209]
[-0.69294264  0.69263257 -0.20022645],[0.6715522  0.72110403 0.170372  ],[ 0.2623893  -0.01640449 -0.96482265]
[-0.69294264  0.69263257 -0.20022645],[0.6715522  0.72110403 0.170372  ],[ 0.2623893  -0.01640449 -0.96482265]
[-0.75899123  0.44168588 -0.47837841],[ 0.64388089  0.6182783  -0.45072091],[ 0.09669393 -0.65011193 -0.7536609 ]
[-0.7187421   0.67737042 -0.15677725],[0.6713882  0.73477208 0.09668438],[ 0.18068668 -0.03576726 -0.98289014]
[-0.61515428  0.52581978 -0.58745108],[ 0.6978594   0.70985451 -0.09538779],[ 0.36684801 -0.46863647 -0.80361832]
[-0.61515428  0.52581978 -0.58745108],[ 0.6978594   0.70985451 -0.09538779],[ 0.36684801 -0.46863647 -0.80361832]
[-0.61515428  0.52581978 -0.58745108],[ 0.6978594   0.70985451 -0.09538779],[ 0.36684801 -0.46863647 -0.80361832]
[-0.72370494  0.62313038 -0.29657998],[ 0.68961724  0.6692287  -0.2766966 ],[ 0.02606177 -0.40477337 -0.91404557]
[-0.72040246  0.51420578 -0.46541671],[ 0.67809444  0.66310891 -0.31697715],[ 0.14563048 -0.5439476  -0.82638537]
[-0.75235784  0.6457341  -0.13032709],[ 0.65774616  0.72541524 -0.20283669],[-0.03643731 -0.23832792 -0.97050097]
[-0.76044309  0.44468653 -0.47326546],[ 0.64274875  0.61945592 -0.45071987],[ 0.09273804 -0.64693759 -0.75688269]
[-0.72317252  0.51645381 -0.45858148],[ 0.67659832  0.6630776  -0.32022307],[ 0.13869468 -0.54185198 -0.82895128]
[-0.69247717  0.69310776 -0.20019241],[0.67082205 0.7207128  0.17484519],[ 0.26546779 -0.01321718 -0.96402913]
[-0.61797218  0.53309526 -0.57785796],[ 0.69653983  0.71210783 -0.08794709],[ 0.364613   -0.45684994 -0.81138492]
[-0.61901228  0.53479902 -0.57516415],[ 0.69629113  0.71248007 -0.0868954 ],[ 0.36332142 -0.45427102 -0.81340973]
[-0.72691286  0.52112323 -0.44724521],[ 0.67441516  0.66450668 -0.32186188],[ 0.12946773 -0.53559449 -0.83449185]
[-0.67959898  0.47604468 -0.55814576],[ 0.68049136  0.69327921 -0.23726662],[ 0.27400134 -0.54105952 -0.79509613]
[-0.76427578  0.4506263  -0.46132252],[ 0.63973595  0.62003772 -0.45419285],[ 0.08136612 -0.64225319 -0.76216166]
[-0.69205662  0.6935761  -0.20002457],[0.67005546 0.72031537 0.179364  ],[ 0.26848335 -0.00989751 -0.96323348]
[-0.7826984   0.43202935 -0.44803332],[ 0.61544927  0.64451762 -0.45367304],[ 0.09276531 -0.63083094 -0.77035506]
[-0.79084466  0.49294088 -0.36273134],[ 0.61127982  0.66528788 -0.42863623],[ 0.03002844 -0.56071502 -0.82746418]
[-0.76255786  0.63432956 -0.12700997],[ 0.64465287  0.76151882 -0.06716969],[ 0.05411276 -0.13309811 -0.98962453]
[-0.73998542  0.50357922 -0.44590306],[ 0.65457145  0.69169686 -0.30510928],[ 0.15478305 -0.51765183 -0.84147417]
[-0.72682162  0.64563531 -0.23427631],[0.66049268 0.75058214 0.01938726],[ 0.18836072 -0.14064671 -0.97197672]
[-0.80083721  0.55459358 -0.22602154],[ 0.59886821  0.73902614 -0.30854048],[-0.00407874 -0.38244781 -0.92396809]
[-0.78565003  0.43670454 -0.43822731],[ 0.61300422  0.64514491 -0.45608537],[ 0.08354557 -0.62695868 -0.77455985]
[-0.72575059  0.64577899 -0.23718258],[0.66056758 0.75044467 0.02198348],[ 0.19218887 -0.1407206  -0.97121632]
[-0.76227066  0.63398654 -0.13040136],[ 0.64484631  0.76123496 -0.06851696],[ 0.05582724 -0.1363173  -0.98909095]
[-0.72520119  0.64610054 -0.23798597],[0.66065547 0.7503113  0.02381823],[ 0.19395254 -0.13995372 -0.9709765 ]
[-0.79761961  0.59293681 -0.11058436],[ 0.60130409  0.76731103 -0.22286135],[-0.0472901  -0.24425341 -0.96855765]
[-0.74479919  0.61675625 -0.25472712],[0.63314566 0.77371721 0.02209639],[ 0.21071484 -0.14482199 -0.96676049]
[-0.63963872  0.5359876  -0.55098058],[ 0.66755887  0.74270516 -0.05248051],[ 0.38108722 -0.40138054 -0.83286625]
[-0.74903403  0.51240992 -0.41998107],[ 0.64934506  0.69362437 -0.31182723],[ 0.13152574 -0.50628184 -0.85227911]
[-0.78846257  0.5009256  -0.35693181],[ 0.60813567  0.72184455 -0.33032023],[ 0.09218342 -0.4775081  -0.87377814]
[-0.80047777  0.55207409 -0.23334425],[ 0.59927293  0.7304832  -0.32751527],[-0.01035864 -0.40200558 -0.91557862]
[-0.69934096  0.64483185 -0.30840575],[0.63176514 0.75944423 0.15529733],[ 0.33435763 -0.08623422 -0.93849275]
[-0.7761802   0.49788886 -0.3868475 ],[ 0.61911618  0.71795915 -0.31816634],[ 0.11932923 -0.48645796 -0.86551672]
[-0.76016713  0.62634644 -0.1727312 ],[0.61850998 0.77901786 0.1028425 ],[ 0.19897572 -0.02865849 -0.9795853 ]
[-0.80469367  0.42161514 -0.41798177],[ 0.5871657   0.66927154 -0.45531533],[ 0.08777547 -0.61181393 -0.78611652]
[-0.76003762  0.62649365 -0.17276723],[0.61845806 0.77892616 0.10384437],[ 0.19963075 -0.02792366 -0.97947324]
[-0.75126926  0.59159554 -0.29259052],[0.6083132  0.79265056 0.04074477],[ 0.25602646 -0.14737639 -0.95536938]
[-0.69920744  0.64595408 -0.3063532 ],[0.63111815 0.75901352 0.15996365],[ 0.33585539 -0.08149729 -0.93838124]
[-0.80314558  0.47815415 -0.35542338],[ 0.58531314  0.74459624 -0.32091272],[ 0.11120117 -0.46577361 -0.87788909]
[-0.65774002  0.51367051 -0.5509271 ],[ 0.64248113  0.76437065 -0.05436452],[ 0.39318705 -0.38971799 -0.83278078]
[-0.81715961  0.56888494 -0.09284452],[ 0.57399257  0.78836414 -0.22139222],[-0.05275141 -0.23420485 -0.97075506]
[-0.6587159   0.51515289 -0.54837111],[ 0.64222332  0.76467626 -0.05309822],[ 0.39197267 -0.38715336 -0.83454761]
[-0.82025456  0.57045164 -0.04204033],[ 0.55261679  0.77134702 -0.31565561],[-0.14763858 -0.28215014 -0.94794206]
[-0.73351721  0.64584903 -0.21173458],[0.61715281 0.76341052 0.19059587],[ 0.28473656  0.00913276 -0.9585623 ]
[-0.80622057  0.47936877 -0.34671888],[ 0.58297577  0.74350677 -0.32762315],[ 0.10073553 -0.46626523 -0.87889083]
[-0.80887455  0.42674473 -0.40448843],[ 0.58345899  0.66770568 -0.46232534],[ 0.07278432 -0.60996562 -0.78907819]
[-0.80953705  0.42759858 -0.40225516],[ 0.58284414  0.66744612 -0.46347426],[ 0.07030271 -0.60965165 -0.78954569]
[-0.71421884  0.62274156 -0.31950649],[0.6040389  0.77902178 0.16811324],[ 0.35359362 -0.07292471 -0.93255216]
[-0.83459237  0.4614719  -0.30083094],[ 0.55079732  0.70781198 -0.4422946 ],[ 0.00882521 -0.53483257 -0.84491197]
[-0.83504349  0.46197127 -0.29880582],[ 0.55014714  0.70739332 -0.44377113],[ 0.00636373 -0.53495536 -0.84485636]
[-0.83427619  0.45673769 -0.3088267 ],[ 0.55123682  0.70216467 -0.45066922],[ 0.01100958 -0.54621925 -0.83756989]
[-0.84514937  0.50374511 -0.17878314],[ 0.53334131  0.77240798 -0.34486658],[-0.03563133 -0.38681621 -0.92146819]
[-0.82247048  0.45394521 -0.3427478 ],[ 0.55801836  0.7607414  -0.33149363],[ 0.11026249 -0.46390329 -0.87899711]
[-0.71537783  0.62527905 -0.31186643],[0.60273375 0.7780014  0.17727337],[ 0.35347784 -0.06115498 -0.93344174]
[-0.83163085  0.41244499 -0.37185918],[ 0.55222406  0.68491153 -0.47533649],[ 0.05864048 -0.60065408 -0.79735561]
[-0.83834488  0.46533622 -0.28397194],[ 0.54498236  0.70287542 -0.45712183],[-0.01311845 -0.53798544 -0.84285204]
[-0.84681334  0.50319273 -0.17234919],[ 0.52963043  0.7678836  -0.36034204],[-0.04897738 -0.39642382 -0.91676026]
[-0.84323789  0.50444592 -0.18569912],[ 0.53582495  0.76121844 -0.36529182],[-0.04291237 -0.40753013 -0.91218294]
[-0.83878321  0.54364504 -0.0298797 ],[ 0.51971655  0.78309155 -0.3415587 ],[-0.16228815 -0.30202268 -0.93938536]
[-0.83549809  0.41741587 -0.35736106],[ 0.54794984  0.68160418 -0.48493991],[ 0.04115718 -0.6009823  -0.79820195]
[-0.682991    0.59553676 -0.42291756],[0.62782827 0.77455492 0.0767877 ],[ 0.37330277 -0.2130743  -0.90290885]
[-0.81236155  0.48489005 -0.32396042],[ 0.5800069   0.72946741 -0.36258695],[ 0.06050376 -0.48245097 -0.87383085]
[-0.69143794  0.60304625 -0.39780497],[0.62612716 0.77491595 0.08642951],[ 0.3603864  -0.18931585 -0.91338992]
[-0.6833387   0.55079933 -0.47923722],[ 0.63658147  0.77090484 -0.02167379],[ 0.35750838 -0.31988408 -0.87741776]
[-0.81611408  0.48749404 -0.31033429],[ 0.57617956  0.72771101 -0.37209381],[ 0.04444017 -0.48247927 -0.8747793 ]
[-0.79676687  0.57869238 -0.17400485],[ 0.59720324  0.79803609 -0.08053999],[ 0.09225427 -0.16808786 -0.98144568]
[-0.81878543  0.49047355 -0.29837244],[ 0.57319568  0.72756997 -0.37694648],[ 0.03220455 -0.47966408 -0.87686102]
[-0.74939418  0.60984678 -0.25786677],[0.60899916 0.78769476 0.09304298],[ 0.25986226 -0.08731478 -0.96169004]
[-0.69216059  0.61073733 -0.3845954 ],[0.62234696 0.77490255 0.11050021],[ 0.36551056 -0.16286789 -0.91644753]
[-0.80904648  0.52124493 -0.27156492],[ 0.58753846  0.7050179  -0.39717543],[-0.01556755 -0.48088822 -0.8766437 ]
[-0.80321241  0.52384815 -0.28360702],[ 0.59568801  0.70443915 -0.3859032 ],[-0.00237079 -0.47890354 -0.87786433]
[-0.82525681  0.49905667 -0.26437406],[ 0.56475133  0.727028   -0.39049485],[-0.00267172 -0.47156414 -0.88182772]
[-0.82611881  0.50081593 -0.25828496],[ 0.56343679  0.72750578 -0.39150266],[-0.00816697 -0.46895496 -0.88318432]
[-0.72293655  0.63506041 -0.27214155],[0.5980301  0.77241942 0.21384161],[ 0.34600976 -0.00815492 -0.93819547]
[-0.81973146  0.56718538 -0.0796309 ],[ 0.560843    0.76669673 -0.31245999],[-0.11616999 -0.30079371 -0.94658738]
[-0.79835485  0.52520369 -0.29460247],[ 0.59637512  0.75737946 -0.26591929],[ 0.08346407 -0.38799154 -0.91787598]
[-0.75696572  0.61012199 -0.23399584],[ 0.63403035  0.77242029 -0.03704609],[ 0.1581405  -0.17640309 -0.97153154]
[-0.80481013  0.53081861 -0.26554143],[ 0.59083873  0.75908098 -0.27332337],[ 0.05648232 -0.37686558 -0.92454426]
[-0.70878199  0.56235673 -0.42589082],[0.60334177 0.79609196 0.04707753],[ 0.36552262 -0.22359001 -0.90354896]
[-0.7089712   0.56394641 -0.42346699],[0.60240913 0.79648222 0.05214706],[ 0.36669207 -0.21812962 -0.90440942]
[-0.77029095  0.6143946  -0.17079561],[0.59181594 0.78850771 0.16736036],[ 0.23749896  0.02783661 -0.97098886]
[-0.77502406  0.61046484 -0.1633107 ],[0.58723788 0.79120612 0.17071774],[ 0.2334296   0.03640813 -0.97169186]
[-0.75835953  0.62680319 -0.17890945],[0.57973099 0.77404646 0.25448781],[ 0.297998    0.08927391 -0.95038275]
[-0.83528625  0.54886857 -0.03225182],[ 0.52886399  0.78603439 -0.3200825 ],[-0.15033219 -0.28441734 -0.94684054]
[-0.84569496  0.50139623 -0.18276175],[ 0.52981255  0.74773481 -0.40023907],[-0.06402104 -0.43530963 -0.89800158]
[-0.77063236  0.61488284 -0.16746599],[0.58921696 0.7875872  0.18036016],[ 0.24279444  0.04031757 -0.96923958]
[-0.77855027  0.56741276 -0.26814592],[0.58416111 0.81137061 0.02082168],[ 0.2293802  -0.14042969 -0.96315327]
[-0.84633122  0.50537572 -0.16828207],[ 0.52688283  0.74788752 -0.40380533],[-0.07821735 -0.43041799 -0.89923434]
[-0.77758294  0.56945431 -0.26662063],[0.58350889 0.81149768 0.03144657],[ 0.23426941 -0.13112319 -0.9632884 ]
[-0.77688339  0.57033718 -0.26677273],[0.58307589 0.8115718  0.03706376],[ 0.23764407 -0.12675453 -0.96304651]
[-0.75201539  0.52403312 -0.39982764],[ 0.59785978  0.79770036 -0.07897989],[ 0.27755458 -0.29843496 -0.91318127]
[-0.82958673  0.55835271 -0.00530153],[ 0.55162253  0.81804091 -0.16285471],[-0.0865935  -0.13802655 -0.98663582]
[-0.76302782  0.59997604 -0.2404523 ],[0.57326745 0.80001322 0.17704032],[ 0.29858497 -0.00275678 -0.95437907]
[-0.71861997  0.58866373 -0.37021664],[0.59456045 0.79622028 0.11194253],[ 0.3606705  -0.13967204 -0.92217596]
[-0.75765159  0.60369227 -0.24803167],[0.61011492 0.79008843 0.05933007],[ 0.23178406 -0.1063763  -0.96693342]
[-0.84670829  0.5155257  -0.13159908],[ 0.51911232  0.74621138 -0.41676248],[-0.11665103 -0.42119095 -0.89943911]
[-0.81341062  0.51256639 -0.2750252 ],[ 0.58070943  0.74298334 -0.3327947 ],[ 0.03375977 -0.43040847 -0.90200268]
[-8.29549467e-01  5.58433182e-01 -2.52619399e-04],[ 0.54926953  0.81585512 -0.18078552],[-0.10075053 -0.15010929 -0.98352251]
[-0.75734376  0.60656906 -0.24187682],[0.60820622 0.79004675 0.07688511],[ 0.23773013 -0.08888253 -0.96725606]
[-0.75756166  0.60716642 -0.23968578],[0.60785479 0.79000662 0.08001312],[ 0.23793463 -0.08507928 -0.96754774]
[-0.83549566  0.51193802 -0.19966591],[ 0.54339286  0.71573109 -0.43869489],[-0.08167749 -0.47502471 -0.87617368]
[-0.74193691  0.62588783 -0.24040391],[0.59125634 0.77984401 0.2055706 ],[ 0.31614168  0.01038008 -0.9486552 ]
[-0.77717064  0.58030103 -0.24342659],[0.57717438 0.8114547  0.09171151],[ 0.25074994 -0.0692241  -0.96557366]
[-0.79936814  0.5946954  -0.08572023],[ 0.59894217  0.77735509 -0.19232095],[-0.04773733 -0.2050767  -0.97758104]
[-0.7277847   0.59176917 -0.34661028],[0.58356055 0.79985986 0.14029003],[ 0.36025896 -0.10016715 -0.9274589 ]
[-0.7097057   0.61933089 -0.3357783 ],[0.61162017 0.77819108 0.14261631],[ 0.34962637 -0.10415318 -0.93108191]
[-0.82109475  0.56805621 -0.05581714],[ 0.55092865  0.76314979 -0.33775734],[-0.14926832 -0.30808204 -0.93957673]
[-0.76175744  0.63646134 -0.12100652],[0.60415629 0.76530713 0.2220364 ],[ 0.23392473  0.09603103 -0.96750052]
[-0.73358267  0.64991792 -0.19865336],[0.61294192 0.75898414 0.21964806],[ 0.29352796  0.03936703 -0.95513956]
[-0.72421538  0.6614308  -0.19499069],[0.59973465 0.74371778 0.2953002 ],[ 0.3403387   0.09691828 -0.93529483]
[-0.72509364  0.66115517 -0.19264748],[0.59930957 0.74362828 0.2963866 ],[ 0.33921565  0.09945256 -0.93543676]
[-0.72736321  0.67518815 -0.12273436],[0.59890856 0.71186788 0.36681419],[ 0.33503925  0.19330048 -0.92216247]
[-0.7422683   0.6601235  -0.11521606],[0.62517806 0.74408744 0.23555523],[ 0.24122636  0.10281463 -0.96500725]
[-0.71380076  0.67372909 -0.19125272],[0.63295407 0.73747562 0.23558194],[ 0.29976262  0.04710438 -0.95285022]
[-0.71697464  0.68967641 -0.10145844],[0.63703697 0.7073249  0.30639091],[ 0.28307467  0.15504173 -0.94648338]
[-0.77999061  0.60757883 -0.14987532],[ 0.6004338   0.6591195  -0.45281424],[-0.17633459 -0.44318107 -0.87891789]
[-0.79766231  0.56979085 -0.19766947],[ 0.57626497  0.62337881 -0.52850501],[-0.17791436 -0.53547852 -0.82559629]
[-0.78421247  0.60559306 -0.13515856],[ 0.57881725  0.63549246 -0.51099895],[-0.22356518 -0.47896386 -0.84888882]
[-0.69753677  0.71060792 -0.09208062],[0.65682332 0.68545751 0.31421511],[ 0.2864011   0.1586959  -0.94487567]
[-0.698333    0.71010364 -0.08991024],[0.65646043 0.68545902 0.31496927],[ 0.28529061  0.16093092 -0.94483359]
[-0.75770105  0.6389478  -0.13279617],[ 0.61969849  0.64064762 -0.45337006],[-0.20460425 -0.42581256 -0.88137436]
[-0.76276382  0.63453965 -0.12470277],[ 0.59556605  0.61415438 -0.51779868],[-0.25197704 -0.46922684 -0.84636502]
[-0.65180746  0.744929   -0.14222452],[0.68362305 0.65832077 0.31507664],[ 0.32833909  0.10814134 -0.93834903]
[-0.66394571  0.74534639 -0.06028975],[0.71340269 0.6555248  0.24767688],[ 0.22412649  0.12143314 -0.966965  ]
[-0.70405903  0.70681229 -0.06868235],[ 0.62817199  0.57476327 -0.52444937],[-0.33121117 -0.41238764 -0.84866695]
[-0.70307292  0.708133   -0.06508549],[ 0.62755217  0.57480063 -0.52514998],[-0.33446485 -0.41006327 -0.84851716]
[-0.64133204  0.76521357 -0.0560482 ],[0.73428831 0.63331471 0.24440367],[ 0.22251715  0.11558836 -0.9680524 ]
[-0.63696963  0.76859597 -0.05941317],[0.71891123 0.62007563 0.31412236],[ 0.27827384  0.1573736  -0.94752162]
[-0.70408488  0.68038191 -0.20333455],[ 0.68001285  0.56351906 -0.46907227],[-0.20456539 -0.4685368  -0.85943369]
[-0.61216162  0.78228992 -0.11524158],[0.72357429 0.61296555 0.31735387],[ 0.31890185  0.11088601 -0.94127886]
[-0.67850515  0.73448328  0.01284794],[ 0.61183513  0.57471127 -0.54347469],[-0.40655692 -0.36088956 -0.83932723]
[-0.67797464  0.734947    0.01425817],[ 0.61077517  0.5740095  -0.54540516],[-0.40902821 -0.36106233 -0.83805126]
[-0.67174245  0.7307856  -0.12130332],[ 0.66508302  0.52284254 -0.53319813],[-0.32623098 -0.43884859 -0.83724862]
[-0.59647054  0.80189298 -0.0345042 ],[0.77386129 0.58596324 0.24038675],[ 0.21298264  0.11668215 -0.97006374]
[-0.59067029  0.80013884 -0.10433816],[0.74262489 0.58962425 0.31757129],[ 0.31562143  0.11009581 -0.94247654]
[-0.62398314  0.78051582 -0.03794852],[0.7538604  0.61403949 0.2337734 ],[ 0.20576573  0.11726277 -0.97155026]
[-0.64444012  0.75284553 -0.13386764],[ 0.70764969  0.5208578  -0.47742965],[-0.28970477 -0.40240621 -0.86841257]
[-0.56777617  0.81541704 -0.11280636],[0.77928206 0.5765797  0.24551034],[ 0.26523517  0.05148694 -0.96280808]
[-0.64792409  0.76066779 -0.03973514],[ 0.67645127  0.55064125 -0.48908883],[-0.35015431 -0.34377133 -0.87132843]
[-0.60229387  0.79793808 -0.02317135],[0.77359472 0.59058905 0.22968625],[ 0.19696016  0.12041339 -0.97298886]
[-0.60242593  0.79785203 -0.02269656],[0.77395247 0.59085991 0.22777652],[ 0.19514244  0.11965242 -0.97344888]
[-0.62666638  0.7774524  -0.05345104],[ 0.6885971   0.52031974 -0.50507565],[-0.36486064 -0.35332016 -0.86141835]
[-0.5500437   0.82612256 -0.12236606],[0.81304277 0.56319255 0.1475656 ],[ 0.19082292 -0.01832131 -0.98145348]
[-0.58124749  0.81069939  0.07012743],[0.80995    0.56810359 0.14573716],[ 0.07830938  0.14150907 -0.98683475]
[-0.58135608  0.81061905  0.070156  ],[0.80999497 0.56842695 0.14421837],[ 0.0770276   0.14066823 -0.98705582]
[-0.61765913  0.77317189 -0.1438834 ],[ 0.74000215  0.50943265 -0.43917557],[-0.26625931 -0.37773483 -0.88680459]
[-0.5644227   0.82548388 -0.00183735],[0.82547627 0.56442547 0.00358079],[ 3.99293335e-03  5.04389653e-04 -9.99991901e-01]
[-0.55709661  0.82759248  0.06880442],[0.82638012 0.54427165 0.1444447 ],[ 0.08209306  0.13732826 -0.98711787]
[-0.55906891  0.82874024 -0.02513109],[0.82092596 0.55753973 0.12340995],[ 0.11628637  0.0483639  -0.99203751]
[-0.5320765   0.83958248 -0.10952561],[0.82957653 0.54281918 0.13095846],[ 0.16940303 -0.02117995 -0.98531925]
[-0.53224186  0.83961095 -0.10849913],[0.8298259  0.54277868 0.12953872],[ 0.16765314 -0.02108945 -0.98562044]
[-0.53240409  0.83963887 -0.10748233],[0.83006795 0.54273925 0.12814564],[ 0.16593094 -0.02099237 -0.98591391]
[-0.53651054  0.843843   -0.00924273],[0.83699781 0.53349187 0.12174191],[ 0.10766198  0.05757967 -0.99251876]
[-0.50695577  0.85554911 -0.10503123],[0.84481231 0.51735345 0.1365195 ],[ 0.17113741 -0.01952233 -0.98505374]
[-0.51424865  0.85763992 -0.00144325],[0.85763382 0.51425049 0.00326479],[ 3.54221073e-03  4.41132291e-04 -9.99993629e-01]
