Time,xQTM,yQTM,zQTM,xCV,yCV,zCV,v0R11,v0R12,v0R13,v0R21,v0R22,v0R23,v0R31,v0R32,v0R33,v1R11,v1R12,v1R13,v1R21,v1R22,v1R23,v1R31,v1R32,v1R33,qtmR11,qtmR12,qtmR13,qtmR21,qtmR22,qtmR23,qtmR31,qtmR32,qtmR33
0.0,0.012667669999999992,0.001674839999999983,1.37670189,-0.008633798166891594,0.020846718408256634,1.4343819533437963,-0.9674922311103442,0.021091953468614567,-0.252019666375476,-0.09079695860084991,0.9011083374872972,0.4239807500579654,0.23603960483351938,0.43308070103591223,-0.8699002306818172,-0.964613701035282,0.026433855498970725,0.2623388249163192,0.026433855498970725,0.8879017546351314,-0.44949241640074766,0.2623388249163192,-0.45927304013986503,-0.8538939679724536,-0.9962,-0.01933,0.0849,0.02469,0.8723,0.48836,-0.08349,0.4886,-0.86851
0.016809986002044752,0.011162069999999996,0.0016867399999999644,1.35997244,-0.009110525311414765,0.02064806147760998,1.4199250867054662,-0.9807405330499652,-0.0028745139695067826,-0.19529399376916146,-0.090731454386978,0.8921619726230975,0.4425096810128419,0.17296187446282463,0.451706488524022,-0.8752402174303942,-0.9784769707023152,0.003037044786672133,0.20633369614336963,0.003037044786672133,0.8787640113820289,-0.46753007083268566,0.20633369614336963,-0.4772468843887084,-0.859559211865593,-0.99251,-0.03936,0.11565,0.02277,0.87049,0.49165,-0.12003,0.4906,-0.86308
0.03358114899310749,0.011499500000000024,0.0009862699999999835,1.3238478,-0.009892930416851185,0.021621770645741018,1.3695489613271183,-0.9910004633462869,-0.0035724114008554957,-0.1338107601212545,-0.06563198026217754,0.8842058984043473,0.46246337411067057,0.11666415393903139,0.4670836831915069,-0.8764829194467774,-0.9891162036396535,0.003781899751254765,0.1470878408698389,0.003781899751254765,0.8691843342277772,-0.48958250415796645,0.1470878408698389,-0.4944737509385998,-0.8594615399717802,-0.99517,-0.04239,0.08852,0.00798,0.864,0.50342,-0.09782,0.5017,-0.85949
0.05039528600173071,0.012326740000000003,-0.00018428000000000888,1.28939592,-0.00913470733232886,0.02175406544956924,1.3414931116050945,-0.9921795017243903,-0.025573993103383555,-0.12217122097568096,-0.086683649989545,0.845430588517667,0.5270038565543524,0.0898096942564144,0.5334726711607807,-0.841035747125026,-0.9908806672782562,-0.018101014327386568,0.13352099645567916,-0.018101014327386568,0.8274712225908095,-0.5542800976816226,0.13352099645567916,-0.5612162943682163,-0.8215507999019499,-0.99742,-0.04336,0.05726,-0.00765,0.85682,0.51556,-0.07141,0.51379,-0.85494
0.06718346099660266,0.011084979999999994,-0.0013345200000000057,1.2745115500000002,-0.00836958663683359,0.02223463760028603,1.3050006878178553,-0.9869741506718526,-0.0031900840699958313,-0.1608472855512384,-0.08335724185081683,0.8652701152175902,0.494327015185659,0.13759940456484432,0.5012957720497597,-0.8542651536779642,-0.9851614402459403,0.0033741498885241084,0.17159706222740048,0.0033741498885241084,0.8478532507200841,-0.5228493690399358,0.17159706222740048,-0.5302202187354947,-0.8349748412553918,-0.99512,-0.07126,0.06821,-0.02204,0.83464,0.55035,-0.09615,0.54616,-0.83214
0.0840323729935335,0.011994329999999997,-0.0023761100000000146,1.24495343,-0.008394982804809522,0.023931039625125338,1.3106356023900587,-0.9913479075402793,-0.0031058559703752396,-0.13122377785371506,-0.062463296778554014,0.890430509986366,0.45081242600551136,0.11544549697179253,0.4551086249942003,-0.8829204248882366,-0.9896959052316875,0.0033235453132891835,0.14314667028674172,0.0033235453132891835,0.873391645793799,-0.48240985413075455,0.14314667028674172,-0.4870071735653896,-0.8641699852594761,-0.99611,-0.07024,0.05327,-0.02817,0.82624,0.56261,-0.08353,0.55892,-0.82501
0.10082016199885402,0.013360840000000013,-0.002969240000000012,1.2192725100000001,-0.0077111953499909465,0.024619816170554323,1.2895796649756162,-0.9962475865830225,-0.024825166254439982,-0.0829123473792803,-0.06147793340867551,0.877278200393522,0.4760288046096595,0.060919700682960466,0.4793398275073148,-0.8755124898217935,-0.9955274614166729,-0.0193448364392644,0.09247081089951015,-0.0193448364392644,0.8580931197750227,-0.5094902748877069,0.09247081089951015,-0.5131295889908382,-0.8554933131979676,-0.9968,-0.07103,0.03661,-0.03745,0.81997,0.57118,-0.07059,0.56798,-0.82001
0.11759122500370722,0.014107319999999979,-0.0030637000000000303,1.2080994500000002,-0.006377684052756954,0.02407132094710045,1.2330371375694547,-0.9928488714208045,-0.022814573523824662,-0.11717770160470303,-0.07925691981497104,0.8599991367096074,0.5041029909851492,0.08927182747024998,0.509785229379644,-0.8556573851293903,-0.9918874862806721,-0.017359743629273526,0.12592797092360164,-0.017359743629273526,0.8392558278533483,-0.5373780046090525,0.12592797092360164,-0.5434595612511738,-0.833886698719591,-0.99704,-0.07026,0.03134,-0.03948,0.81695,0.57535,-0.06602,0.57241,-0.81731
0.13436096800433006,0.01559429000000001,-0.0026983100000000093,1.18928728,-0.005359569024052055,0.02417020595640763,1.2381938663323029,-0.9966073693186589,-0.06312478914603081,-0.05281110124785779,-0.08107549178040963,0.8633819861337529,0.49799428777075394,0.014160369073829556,0.5005864630760654,-0.8655707232414276,-0.99645937901077,-0.058596122599088876,0.060292623079637966,-0.058596122599088876,0.842993297530164,-0.5316771428298649,0.060292623079637966,-0.534723100993003,-0.8447983282384313,-0.9972,-0.07108,0.02305,-0.04424,0.8102,0.58448,-0.06022,0.58183,-0.81108
0.15111382699979004,0.017237809999999992,-0.0014153500000000097,1.1745976,-0.004762056729447032,0.023679249663010653,1.2121954384635034,-0.9958039710919042,-0.04189798652910075,-0.08135729765916119,-0.0786834228923067,0.8459527000277122,0.5274210351112046,0.04672654619747204,0.5316094318582313,-0.8456997350359192,-0.9954212700329451,-0.037624532471106684,0.08786859349238008,-0.037624532471106684,0.8247514636952152,-0.5597245347905496,0.08786859349238008,-0.5642423395039854,-0.8240070117609277,-0.99726,-0.0721,0.01625,-0.04889,0.80843,0.58655,-0.05543,0.58416,-0.80975
0.1679761929990491,0.01810704000000002,-0.0005200200000000099,1.168735,-0.0027777597595034322,0.02208026870498511,1.206741174608902,-0.9915812576889299,-0.04108092599156484,-0.12279644506139262,-0.09748203637576594,0.8610369145683698,0.49911189560520025,0.08522829333075893,0.5068804486959998,-0.8577927189861594,-0.9911106222632172,-0.03822722144016738,0.12743003561948346,-0.03822722144016738,0.842177626055148,-0.5297339237841285,0.12743003561948346,-0.5378434025932444,-0.8385365561585781,-0.99723,-0.07321,0.01304,-0.05169,0.80848,0.58625,-0.05347,0.58395,-0.81003
0.18474834600056056,0.02001438,0.0016249599999999809,1.1596804200000002,-0.001707363613833308,0.02089857810312211,1.1663477392002581,-0.996340403149204,-0.039149997201456385,-0.07598077896157271,-0.07588067833731758,0.8143143631700143,0.5754426475245661,0.039343661593069304,0.5791022324720735,-0.8143050292355503,-0.9962272217629317,-0.03744619742978901,0.07828860016988341,-0.03744619742978901,0.7933019594649593,-0.6039042494771172,0.07828860016988341,-0.6076757222459239,-0.7932027184439802,-0.99704,-0.07668,0.00632,-0.05865,0.8106,0.58265,-0.0498,0.58055,-0.8127
0.20156411700008903,0.021966139999999995,0.004035739999999982,1.1538519900000002,-0.0002671182276001041,0.018361343397533064,1.189946330969318,-0.9967947264434562,-0.058697023744955085,-0.054359293023359415,-0.077893696975528,0.8670265390555318,0.4921357054155602,0.01824404850903147,0.4947925221513262,-0.8688196099980303,-0.9967855698063777,-0.05842787157875488,0.054815250145844915,-0.05842787157875488,0.8511781395074766,-0.5189836805029344,0.054815250145844915,-0.5216147607644623,-0.8530247521163009,-0.99679,-0.08002,0.00111,-0.0649,0.81636,0.57389,-0.04683,0.57197,-0.81893
0.21840076499211136,0.022999770000000003,0.005218909999999993,1.15190916,0.0016867645993507618,0.01640885035401893,1.189951248805237,-0.9967658241815408,-0.0578823454689526,-0.055745186578810585,-0.0779032638526948,0.8662376716208164,0.49352140556012797,0.01972240413314247,0.4962680025429402,-0.8679453303217026,-0.9968133847571373,-0.059282737057238966,0.05337258712130723,-0.059282737057238966,0.8520584356745249,-0.5175444344014082,0.05337258712130723,-0.520078820259855,-0.8539901201794462,-0.99659,-0.08255,-0.00158,-0.06872,0.81874,0.57003,-0.04576,0.56819,-0.82162
0.23514535000140313,0.02508081000000001,0.00730481999999999,1.14967444,0.003084870754235309,0.014657309986899434,1.165113738678983,-0.9953975939729661,-0.07490226497072207,-0.05977692376733551,-0.09546717635885797,0.8293744918541304,0.5504761307266376,0.008345546770392526,0.5536493501883292,-0.8327080814337904,-0.995422943533566,-0.078464890119791,0.054556617430522106,-0.078464890119791,0.8153403179666006,-0.5710403730501101,0.054556617430522106,-0.573640503204413,-0.8191071162194422,-0.99622,-0.08676,-0.005,-0.07454,0.82349,0.56241,-0.04468,0.56065,-0.82685
0.25199562299530953,0.02710498000000003,0.008939749999999996,1.1493410400000001,0.0049686191057605016,0.013182885839527085,1.16219194197676,-0.9925481704814744,-0.07408125497497935,-0.09674759395049674,-0.11397647719214611,0.8452438237148214,0.5220845153026635,0.04309863014930161,0.5292209804356599,-0.8473887313069326,-0.992872061465031,-0.07872488448482023,0.0894844239241179,-0.07872488448482023,0.8332519741129985,-0.5408411457367299,0.0894844239241179,-0.5472600297844177,-0.8363512377901703,-0.99593,-0.08996,-0.00488,-0.07747,0.82751,0.55608,-0.04599,0.5542,-0.83111
0.2688297459972091,0.02813110000000002,0.009574639999999968,1.1497401900000002,0.00687695666557972,0.011275952087569315,1.162202533003823,-0.9924778433866317,-0.07320383287540938,-0.09812710756447292,-0.11403458937247454,0.8443967981906754,0.5234406935193208,0.04454035039457617,0.5306931750622816,-0.8463928822532967,-0.9929250596277064,-0.07961540735027603,0.08809774614463972,-0.07961540735027603,0.8341724536128265,-0.5394342139024958,0.08809774614463972,-0.5457267672984404,-0.8374064222321388,-0.99576,-0.09184,-0.00536,-0.07949,0.82958,0.5527,-0.04631,0.55078,-0.83337
0.2855632879945915,0.030254439999999994,0.01062189999999999,1.15143071,0.008489336391124687,0.011486288045752155,1.185627115370526,-0.9930571211379184,-0.09372382698312795,-0.0710872591461103,-0.11669382232776473,0.8611135805790011,0.4948393205606723,0.014835969392177354,0.4996991550903888,-0.8660719649163953,-0.9931513557916577,-0.10092269645519338,0.05886419819724979,-0.10092269645519338,0.8511259262349629,-0.5117974982663248,0.05886419819724979,-0.5151691635093164,-0.8570871174734376,-0.99544,-0.09509,-0.0071,-0.08365,0.83511,0.54369,-0.04577,0.54181,-0.83926
0.3023746940016281,0.032302479999999995,0.011160619999999982,1.15417081,0.010472087599314955,0.010032057984666505,1.1874533395958229,-0.9951355353919185,-0.09412419255704697,-0.029084404338473934,-0.09686753303504651,0.8811059683790378,0.46289194584756266,-0.017942888394683585,0.4634575588576829,-0.885937437911805,-0.9946213399038918,-0.10277759584692679,0.012851303424659382,-0.10277759584692679,0.8729190008547777,-0.4782500501120432,0.012851303424659382,-0.4769163278171777,-0.8781296792433994,-0.99517,-0.09803,-0.00589,-0.08579,0.83853,0.53807,-0.04781,0.53597,-0.84288
0.31916072199237533,0.03326008,0.01130972999999999,1.15580656,0.012383236110252995,0.009541059103979472,1.1856641375111,-0.9930063109174548,-0.09206791261200789,-0.07390511447372791,-0.11669653548674616,0.8603325423500583,0.4961953598925279,0.017899303994785384,0.5013495946350733,-0.8650596504725845,-0.9931440384435539,-0.10259944054187652,0.056020297254858006,-0.10259944054187652,0.8520118991305661,-0.5103256156457138,0.056020297254858006,-0.5133703132636517,-0.8581547018523529,-0.99504,-0.09931,-0.00499,-0.08659,0.84069,0.53454,-0.04889,0.53233,-0.84513
0.33599392100586556,0.035092280000000003,0.011299470000000006,1.15945966,0.01414070251699957,0.010210392776348567,1.2110499786566415,-0.9944801258911488,-0.07440546171571275,-0.07398044656797186,-0.09905331061654454,0.8983102390043987,0.4280504131007961,0.034608104013760646,0.4330156368616859,-0.9007217868852964,-0.9950073848680387,-0.0850901234135193,0.05215337913825656,-0.0850901234135193,0.8909746389126372,-0.4430358794046407,0.05215337913825656,-0.44600881573346457,-0.8949856058086174,-0.99479,-0.10189,-0.00432,-0.0887,0.84352,0.52972,-0.05033,0.52734,-0.84816
0.3527791590022389,0.03663444000000002,0.010895669999999996,1.16361421,0.01612958311819227,0.01021056366652458,1.211076334300394,-0.9944236709022952,-0.07369488416137375,-0.07543624326307283,-0.09904208836533139,0.8983313071408481,0.4280087935344899,0.03622468055673762,0.4330934387162399,-0.9006208113626428,-0.9950217136658501,-0.08582203052469912,0.050659336850107956,-0.08582203052469912,0.8909965948624295,-0.44299430407785034,0.050659336850107956,-0.4458246819324526,-0.8950919942355022,-0.99474,-0.10234,-0.00345,-0.08898,0.84718,0.5238,-0.05069,0.52136,-0.85183
0.3695513429993298,0.037305880000000013,0.010602200000000006,1.16577155,0.0162775793480794,0.011486966669341578,1.1857172583972166,-0.9929463309247979,-0.09044113341353423,-0.07666801999436969,-0.11663918566681607,0.8611827832311244,0.4947317598793081,0.021281077744413665,0.5001845811829576,-0.8656572650170884,-0.9931257026162651,-0.10430419048605426,0.05312226134116292,-0.10430419048605426,0.851198160616654,-0.5116901777153332,0.05312226134116292,-0.5143756673967711,-0.8575262021534106,-0.99467,-0.10308,-0.00271,-0.0894,0.84899,0.52079,-0.05138,0.51825,-0.85368
0.38635325399809517,0.03842636999999999,0.009870419999999991,1.17026765,0.018046266460069064,0.011679250835168135,1.2074145410185049,-0.990682717137431,-0.07220130986711171,-0.11547607898898535,-0.11826885990181804,0.8765290088928297,0.4665933704489145,0.06752948054532332,0.47590321224260207,-0.876901306781129,-0.992227953468019,-0.08668254695443561,0.08927387305454401,-0.08668254695443561,0.8673535911729989,-0.48319527974573173,0.08927387305454401,-0.4900855883749228,-0.8709491932491156,-0.99461,-0.10372,-0.00075,-0.0892,0.85166,0.51645,-0.05292,0.51373,-0.85632
0.4031508509942796,0.03926311000000002,0.009065230000000007,1.17495034,0.01822494518524952,0.011487205230166874,1.1857476831785914,-0.9929119480274472,-0.08962031525557523,-0.07806447692664804,-0.1166262805570902,0.861205661594778,0.4946949758391719,0.02289484980860848,0.5002929217274529,-0.8655534751369496,-0.9931123639815151,-0.10514838639256524,0.05168800002018087,-0.10514838639256524,0.851222053856679,-0.5116534503734037,0.05168800002018087,-0.5141642071041675,-0.8576357603172251,-0.99461,-0.10368,2e-05,-0.0891,0.85484,0.51119,-0.05301,0.50844,-0.85947
0.41998233199410606,0.03953278000000002,0.008611409999999986,1.17734881,0.019098726369446394,0.013184079949891755,1.2104526464235885,-0.9938407467791847,-0.07102819917958765,-0.08506212413699418,-0.10066085473942378,0.8996342191275167,0.42488311816069163,0.046346114880550744,0.43082858156827114,-0.9012429034058189,-0.9947555206169691,-0.08440539220039153,0.05776836478177868,-0.08440539220039153,0.8896283663667641,-0.4452982633237751,0.05776836478177868,-0.44881744565368675,-0.8935168004639136,-0.99461,-0.10363,0.0013,-0.08856,0.85637,0.50871,-0.05383,0.50585,-0.86094
0.43674565499532036,0.03981030000000002,0.007527989999999984,1.18218035,0.019967236782214872,0.013932231643988118,1.233241575361889,-0.9920276398053935,-0.09416523635679402,-0.0837500455164628,-0.12114698830229165,0.8956266685392379,0.4279909786743068,0.034706902590477415,0.4347249462167724,-0.8998942449251465,-0.9925859203446759,-0.10846397172364489,0.05485214281543644,-0.10846397172364489,0.8854331827564739,-0.4485921264526302,0.05485214281543644,-0.4519332314752626,-0.8920517622387517,-0.99468,-0.10289,0.00509,-0.08621,0.8584,0.50569,-0.0564,0.50256,-0.8627
0.45368904300266877,0.03978731999999999,0.006245509999999982,1.18687409,0.020026916677261863,0.015464281773134773,1.2356669936143831,-0.9947598445953557,-0.09459818436897648,-0.038781891324649,-0.10223693435662486,0.9178759989492892,0.38347263240836893,-0.0006788475402686629,0.3854281178987049,-0.9227376144381885,-0.9942078055360409,-0.1070128170247786,0.009954717657026154,-0.1070128170247786,0.9078705573143437,-0.40670558755132846,0.009954717657026154,-0.40536318056054943,-0.9135050457719965,-0.99478,-0.10185,0.00704,-0.08457,0.86067,0.50209,-0.05719,0.49887,-0.86479
0.4703460369928507,0.039375570000000026,0.00477540999999998,1.19144763,0.019967315952633763,0.015955857360491415,1.2332460887609498,-0.9920299825684102,-0.09418903937240904,-0.08369551091559517,-0.12108879096721394,0.8963252513186662,0.42654255186397233,0.03484276664414146,0.4332775885164543,-0.90058676034125,-0.9925862333819279,-0.10848821263063438,0.054798512944122774,-0.10848821263063438,0.8846760574269208,-0.45008424383311296,0.054798512944122774,-0.4534077426949932,-0.891303145081564,-0.99492,-0.10023,0.00973,-0.08203,0.86271,0.499,-0.05841,0.49566,-0.86655
0.48715758899925277,0.03905297999999999,0.003980700000000004,1.19369173,0.018046547802602973,0.017623122664620492,1.207436031972431,-0.9906940598591468,-0.07226667354463998,-0.11533779803080038,-0.11793233830590641,0.8788264168291544,0.4623376392474774,0.06795030052547602,0.4716372090686036,-0.8791706885926508,-0.9922344129867863,-0.08674867400110281,0.08913774309358562,-0.08674867400110281,0.8648935733062666,-0.4875441890489957,0.08913774309358562,-0.494402441754254,-0.8685361975650405,-0.99497,-0.09963,0.01039,-0.08128,0.86361,0.49757,-0.05854,0.49423,-0.86736
0.5039459349936806,0.038231829999999994,0.002286849999999979,1.19801045,0.01817582927203715,0.018707649565016908,1.213552334445938,-0.9968047404232017,-0.07280181129233082,-0.032866483572014514,-0.07974610897526785,0.8834952438713357,0.4616023311899912,-0.004568103888743527,0.4627483661011516,-0.8864779084092148,-0.9961835860446735,-0.08704058084884289,0.0064961666135117425,-0.08704058084884289,0.8690168999063808,-0.4884163418996217,0.0064961666135117425,-0.48706628395178275,-0.8725865440085134,-0.99516,-0.09747,0.01275,-0.07841,0.86531,0.49506,-0.05929,0.49166,-0.86877
0.5207481899997219,0.03715054000000001,0.00042948000000000985,1.20221468,0.017941928266517727,0.020002645007822267,1.2332197315788829,-0.9920871747687267,-0.0949420078831771,-0.0821526189388799,-0.12099381199395125,0.8976814017686289,0.4237081523618384,0.033519175386313625,0.43029538233383496,-0.9020656011752141,-0.9925841130932368,-0.10778770227224521,0.056201331601506095,-0.10778770227224521,0.8831179490018137,-0.4531297107400185,0.056201331601506095,-0.4566010286778819,-0.889671217681501,-0.99533,-0.09521,0.01617,-0.07487,0.8665,0.49353,-0.061,0.49002,-0.86958
0.5375307859940222,0.03653787,-0.0005096400000000056,1.20428258,0.016063664064757156,0.021585304168276656,1.207416985407628,-0.9908076263766373,-0.0730788332208317,-0.11384081714822608,-0.11773079546374016,0.8803095980329776,0.4595589966592896,0.06663112871150359,0.4687371286191226,-0.8808210924702764,-0.9921770605110948,-0.08597636009702123,0.09051378955734192,-0.08597636009702123,0.8632022539171637,-0.4905000826540662,0.09051378955734192,-0.4974836020782958,-0.8667277097314493,-0.99545,-0.09373,0.01708,-0.07323,0.86744,0.49213,-0.06094,0.48864,-0.87036
0.554308121005306,0.03517323,-0.002482679999999987,1.2083381000000002,0.01574903446201577,0.02402061477143582,1.2603650114339642,-0.9933695974588769,-0.0788141675738566,-0.0836968926187177,-0.10239935404184076,0.9375230468485204,0.33251302067690586,0.052261028847534766,0.3388788332391191,-0.9393774115052429,-0.9942960346266387,-0.0874126954234199,0.06110986994385169,-0.0874126954234199,0.9241182097827677,-0.36772548542144645,0.06110986994385169,-0.37197386336502747,-0.9279243240518092,-0.99564,-0.09158,0.01797,-0.07111,0.86915,0.48941,-0.06044,0.48599,-0.87187
0.5711922839982435,0.03370286,-0.004453280000000004,1.21224024,0.01418995040539596,0.02468046886770865,1.2134997913713559,-0.9967808000374945,-0.07436994139041336,-0.029952437199651544,-0.07982413854411038,0.8856475588618244,0.45744563435208657,-0.007492902128231657,0.4583639528798908,-0.8887329987786085,-0.9962947880328403,-0.08549266223193099,0.009364830115634173,-0.08549266223193099,0.8664845414520919,-0.49291543339156907,0.009364830115634173,-0.49182877521456025,-0.8700268245757178,-0.99589,-0.08886,0.01772,-0.06913,0.8716,0.48532,-0.05857,0.48209,-0.87416
0.5879497529967921,0.03291888000000001,-0.005471080000000017,1.2141255800000001,0.012870327275577614,0.026601994348836092,1.2336578325024417,-0.992324743303604,-0.05518004041665667,-0.110665111788009,-0.10053254554066834,0.8810929061882266,0.4621347184013525,0.07200563251961498,0.46971316119989664,-0.8798776818859824,-0.9935159641447343,-0.06487973136146821,0.09336299828102482,-0.06487973136146821,0.8599347586962237,-0.49987619610273454,0.09336299828102482,-0.5062635985773927,-0.8610500212658018,-0.99592,-0.08827,0.01848,-0.06834,0.87235,0.48408,-0.05885,0.48085,-0.87483
0.6047078249976039,0.03135061,-0.0074715400000000265,1.21773652,0.011542454731198666,0.028578068810237903,1.2552225834260664,-0.9889395982901834,-0.07883015972879084,-0.12563549200279356,-0.12170001118655277,0.9154657598938651,0.3835512348293793,0.08477958605020203,0.39459884487803826,-0.9149339721586877,-0.9902859814314096,-0.08648859248135146,0.1088733133096663,-0.08648859248135146,0.8967130998093005,-0.4245955907001992,0.1088733133096663,-0.4340798774430708,-0.8988132097421155,-0.99615,-0.08533,0.02031,-0.06506,0.87408,0.4814,-0.05882,0.47822,-0.87627
0.6214676719973795,0.029774300000000004,-0.009456380000000014,1.22113654,0.010851128501963334,0.02964831244948997,1.2340690845333842,-0.9929758180203071,-0.05741587785026422,-0.10345260652871688,-0.09894056313226318,0.8824301081617628,0.45992159024847895,0.064882892922346,0.46692667644963554,-0.8819125177849132,-0.9939586068458662,-0.06640692464646439,0.08738654493698303,-0.06640692464646439,0.8587516395717958,-0.5022325406181302,0.08738654493698303,-0.5080706071913147,-0.8603057984857679,-0.99629,-0.08325,0.02173,-0.06271,0.87555,0.47904,-0.05891,0.4759,-0.87753
0.6383650560019305,0.028961420000000015,-0.01044449,1.2227441300000002,0.008867736601239752,0.03125065662978712,1.2379265401510147,-0.9961198356995348,-0.05792103617416253,-0.06626029349801618,-0.08043108436553231,0.904754964484736,0.4182694046999015,0.03572273217037736,0.421975837944232,-0.9059030183179362,-0.9964983569069588,-0.06425319502844777,0.05350281871422969,-0.06425319502844777,0.8821364316719806,-0.4638392283008638,0.05350281871422969,-0.46659065876382594,-0.8843023344303075,-0.99635,-0.08216,0.02324,-0.06105,0.8758,0.4788,-0.05969,0.47563,-0.87762
0.655092222004896,0.027620339999999993,-0.012267590000000023,1.22554046,0.007516573196100868,0.033953609368676876,1.2637199282188172,-0.9964816548455641,-0.08079064128219944,-0.022297619546871858,-0.08323301689126879,0.9227471924139953,0.37631088715484695,-0.009827332060322042,0.3768427937128441,-0.9262250981112934,-0.9962675304305326,-0.08556443350139872,0.011390150544763441,-0.08556443350139872,0.9013217734592844,-0.42526506917480433,0.011390150544763441,-0.4246148706861247,-0.9049971742554318,-0.9969,-0.07566,0.02157,-0.05653,0.87954,0.47246,-0.05472,0.46978,-0.88109
0.6719321540003875,0.026201539999999995,-0.014014530000000025,1.22816827,0.006467769452924907,0.0355576938659522,1.2649028653181995,-0.9973917326514099,-0.03924138361476016,-0.06057924934016318,-0.061189097981059086,0.9048580053450178,0.42129310990247615,0.03828349418330017,0.4239010544632258,-0.9048990386214821,-0.9977380337252462,-0.044258617872527134,0.050596351667813275,-0.044258617872527134,0.8797243160879602,-0.471302145775833,0.050596351667813275,-0.47341979513702764,-0.8805193334532765,-0.99708,-0.07371,0.02019,-0.05563,0.88119,0.46947,-0.0524,0.46698,-0.88272
0.6889070750039537,0.025533849999999997,-0.014836980000000027,1.22940718,0.005407751573900157,0.036480459510067405,1.2609153091176148,-0.9943113847481534,-0.0809411249811802,-0.06923441663645803,-0.10260229510355856,0.9023654330315447,0.41858021251520633,0.028594391053001544,0.42330268078122774,-0.9055369684577952,-0.9945103282817153,-0.08521572403882058,0.0607246845815982,-0.08521572403882058,0.8764680389760039,-0.47013589793963484,0.0607246845815982,-0.47385868888319227,-0.8805025554482842,-0.99712,-0.07317,0.01985,-0.05538,0.88175,0.46846,-0.05178,0.46601,-0.88326
0.7055046419991413,0.024353239999999998,-0.016262300000000035,1.2316739700000001,0.004347856299196135,0.03798017905803028,1.2596426902759783,-0.9929011069998583,-0.040033155180533284,-0.11200329550842357,-0.0800622956748162,0.9213355812691479,0.38043498195975606,0.08796260870241528,0.3867015556908621,-0.9180002648673544,-0.9934739753095657,-0.042923714299513804,0.10567409868715356,-0.042923714299513804,0.8964921568970584,-0.43483238955223735,0.10567409868715356,-0.4409754725297015,-0.8942895380484718,-0.99725,-0.07177,0.01849,-0.05495,0.88339,0.4654,-0.04973,0.4631,-0.88491
0.7222994019975886,0.02336286999999998,-0.017466129999999996,1.23372242,0.00336450447187388,0.03916296128690828,1.2635976973002638,-0.996371174218476,-0.08180412282411756,-0.023506779351331657,-0.08347492122012704,0.8852241480628558,0.45761353259457366,-0.016625904901360733,0.45791515936401145,-0.8888404165601624,-0.9962545011359106,-0.08439251706580574,0.018838047397103493,-0.08439251706580574,0.8553417094586848,-0.511513009467897,0.018838047397103493,-0.5111442684053031,-0.8590690130108056,-0.9973,-0.07133,0.01732,-0.05526,0.88483,0.46262,-0.04832,0.46042,-0.88639
0.7392531770019559,0.022963500000000026,-0.018005310000000024,1.2346527,0.002279385526063051,0.040046661557414334,1.259627232019713,-0.9930360970430615,-0.04067058323795002,-0.11056768799503873,-0.07996269489297712,0.9219133830270255,0.37905366588534467,0.08651749762294274,0.38525526324081655,-0.9187453971314976,-0.9933396946759306,-0.04220194553700955,0.1072158886267337,-0.04220194553700955,0.8957044224368219,-0.43641904415272254,0.1072158886267337,-0.4426427266091811,-0.8933326206552651,-0.99733,-0.07104,0.0168,-0.05528,0.88529,0.46174,-0.04768,0.45958,-0.88686
0.7895654589956393,0.02190018000000002,-0.020023600000000003,1.23847542,0.0018223615642041257,0.043079835812708966,1.2893433734556419,-0.9954063898452857,-0.06300766363635608,-0.07208434905208527,-0.08313163025780261,0.9422872744591363,0.32432055815666894,0.047489484160759765,0.3288232454001102,-0.9431967038633479,-0.9955254590474307,-0.06399844440472446,0.06952164772340942,-0.06399844440472446,0.9180354137008538,-0.3870491433016013,0.06952164772340942,-0.39129934615953194,-0.9194344463676128,-0.99739,-0.07109,0.01275,-0.05746,0.88799,0.45626,-0.04376,0.45433,-0.88976
0.8062991199985845,0.021819619999999984,-0.020581199999999994,1.23968542,0.0018223615642041257,0.043079835812708966,1.2893433734556419,-0.9954063898452857,-0.06300766363635608,-0.07208434905208527,-0.08313163025780261,0.9422872744591363,0.32432055815666894,0.047489484160759765,0.3288232454001102,-0.9431967038633479,-0.9955254590474307,-0.06399844440472446,0.06952164772340942,-0.06399844440472446,0.9180354137008538,-0.3870491433016013,0.06952164772340942,-0.39129934615953194,-0.9194344463676128,-0.99734,-0.07188,0.0123,-0.05841,0.8883,0.45553,-0.04367,0.4536,-0.89014
0.8232091090030735,0.021984240000000016,-0.020960060000000003,1.24078726,0.0018223615642041257,0.043079835812708966,1.2893433734556419,-0.9954063898452857,-0.06300766363635608,-0.07208434905208527,-0.08313163025780261,0.9422872744591363,0.32432055815666894,0.047489484160759765,0.3288232454001102,-0.9431967038633479,-0.9955254590474307,-0.06399844440472446,0.06952164772340942,-0.06399844440472446,0.9180354137008538,-0.3870491433016013,0.06952164772340942,-0.39129934615953194,-0.9194344463676128,-0.99731,-0.07254,0.01057,-0.05986,0.88915,0.45368,-0.0423,0.45183,-0.8911
0.8400208929961082,0.022250700000000012,-0.02127023,1.24182515,0.00179773707867598,0.04345362340451177,1.2841334111314882,-0.9916364532473732,-0.06352577581228958,-0.11234598523497485,-0.10186750114338416,0.9197387604682309,0.37908260933886856,0.07924744034839923,0.3873565389919335,-0.9185176943850444,-0.9919038331003588,-0.06503898413976507,0.10907206985696673,-0.06503898413976507,0.8911783620713436,-0.44087471411130286,0.10907206985696673,-0.4489666552405701,-0.8909168143179216,-0.99726,-0.07321,0.01079,-0.06042,0.88968,0.45257,-0.04273,0.45067,-0.89167
0.8567851219995646,0.022412039999999994,-0.021427310000000005,1.24231604,0.0018287092747368507,0.04420057538188353,1.2901672027946822,-0.9960137022765002,-0.06291241678090395,-0.06323553346216775,-0.08371914045548284,0.9039898374937565,0.4192773297346373,0.030786529503246007,0.42289998997729766,-0.9056532383193621,-0.9960865287150727,-0.06415857107785787,0.06078902096270271,-0.06415857107785787,0.8727199220212264,-0.4806679931924573,0.06078902096270271,-0.4839872058892806,-0.8747931042542184,-0.99724,-0.07339,0.01132,-0.06034,0.88973,0.45248,-0.04328,0.45055,-0.8917
0.8735912370029837,0.022788470000000005,-0.021827440000000004,1.24326395,0.0018287092747368507,0.04420057538188353,1.2901672027946822,-0.9960137022765002,-0.06291241678090395,-0.06323553346216775,-0.08371914045548284,0.9039898374937565,0.4192773297346373,0.030786529503246007,0.42289998997729766,-0.9056532383193621,-0.9960865287150727,-0.06415857107785787,0.06078902096270271,-0.06415857107785787,0.8727199220212264,-0.4806679931924573,0.06078902096270271,-0.4839872058892806,-0.8747931042542184,-0.99718,-0.07396,0.01251,-0.06032,0.88978,0.45238,-0.04459,0.45035,-0.89174
0.8902721060003387,0.023215540000000007,-0.02225172000000003,1.24417987,0.0017931019518887354,0.044481778456384874,1.283391343276253,-0.9908793500267435,-0.061903562759046286,-0.11969153106345926,-0.10323982138812537,0.919587497175843,0.37907832214150256,0.08660053677851068,0.3879778137414634,-0.9175911742568518,-0.9910305213133135,-0.06267688581905938,0.11802590312929889,-0.06267688581905938,0.8903747261641428,-0.4419984779563487,0.11802590312929889,-0.4508929529191503,-0.8892172016300541,-0.99714,-0.07464,0.01151,-0.06147,0.89068,0.45045,-0.04388,0.44845,-0.89273
0.9070784079958685,0.023427349999999986,-0.022516150000000013,1.24465348,0.00276940264920194,0.043436878732933094,1.2378812103653378,-0.9962739272692112,-0.06001755974142404,-0.06193669644295914,-0.08021975270902469,0.9085795025177793,0.40993667667073447,0.031671013859451924,0.4133777692707095,-0.910008663010351,-0.9963909422754793,-0.06197295997958804,0.05800381351903433,-0.06197295997958804,0.8771760270947723,-0.4730982687753185,0.05800381351903433,-0.47615288481915113,-0.8790981661333651,-0.99713,-0.07498,0.01084,-0.06211,0.89106,0.44962,-0.04337,0.44765,-0.89316
0.9239125739986775,0.02378380000000002,-0.023104280000000005,1.24560629,0.0033662927105358328,0.044320990948220486,1.2636990964537713,-0.9964396872224608,-0.08204674193652396,-0.0193979861224274,-0.08340017360764217,0.9255710148347148,0.36927321530277474,-0.012343450498932358,0.3695762825661784,-0.9291184050455273,-0.9963440800732231,-0.0841900036021413,0.014509217639634527,-0.0841900036021413,0.89753487207454,-0.43322350821210337,0.014509217639634527,-0.4328316031710376,-0.9011697257098039,-0.99709,-0.07554,0.0101,-0.06304,0.89203,0.44756,-0.04282,0.44562,-0.8942
0.9574729790037964,0.024086319999999994,-0.024373179999999994,1.24702054,0.0039396903417700125,0.047312028956241904,1.289367431444703,-0.995343578756755,-0.06247712085577528,-0.0734014277604209,-0.08291589610204397,0.9432834188681093,0.3214674880327519,0.049153986626625595,0.32605674515038835,-0.9440714403797227,-0.995603327582117,-0.06465188913441754,0.06778013970748956,-0.06465188913441754,0.9166545883734797,-0.3902970402169856,0.06778013970748956,-0.3944166563992933,-0.9181906518033681,-0.99703,-0.07634,0.00995,-0.06389,0.89263,0.44625,-0.04295,0.44429,-0.89485
0.9742630359978648,0.024175819999999987,-0.025440000000000018,1.2479434500000002,0.0039396903417700125,0.047312028956241904,1.289367431444703,-0.995343578756755,-0.06247712085577528,-0.0734014277604209,-0.08291589610204397,0.9432834188681093,0.3214674880327519,0.049153986626625595,0.32605674515038835,-0.9440714403797227,-0.995603327582117,-0.06465188913441754,0.06778013970748956,-0.06465188913441754,0.9166545883734797,-0.3902970402169856,0.06778013970748956,-0.3944166563992933,-0.9181906518033681,-0.99711,-0.07545,0.00922,-0.06348,0.8933,0.44496,-0.04181,0.44309,-0.8955
0.9911719980009366,0.024187230000000004,-0.026662970000000008,1.24889074,0.003947334653564123,0.04843531237747693,1.2901840956679576,-0.9959725638423816,-0.06222673782585512,-0.0645483165759212,-0.0835538749741315,0.9052897474310808,0.41649636633826365,0.032517719016564695,0.42021221578593143,-0.9068430358415053,-0.9961313672727745,-0.06496331780828718,0.05917826015195445,-0.06496331780828718,0.8710339105058272,-0.48371741535554963,0.05917826015195445,-0.4869083015191534,-0.8732212752831521,-0.99717,-0.07456,0.00967,-0.06252,0.8938,0.44408,-0.04175,0.44222,-0.89594
1.0079590569948778,0.024190180000000006,-0.027321470000000014,1.2493865100000001,0.003939704872018912,0.049427864377424795,1.2893705326029068,-0.9953466088483423,-0.062481567816613,-0.07335653983990137,-0.0828324078839749,0.943767424922585,0.32006536810335423,0.049233326703035804,0.32465227758044574,-0.9445512046488435,-0.9956060027061295,-0.06465704596170134,0.06773591206316541,-0.06465704596170134,0.9159469346647474,-0.3919431852437468,0.06773591206316541,-0.3960564092219198,-0.917492444523636,-0.9972,-0.0742,0.00976,-0.06218,0.89395,0.44384,-0.04165,0.44199,-0.89605
1.0246575869969092,0.024234759999999994,-0.028625769999999995,1.25047358,0.0039006672456412803,0.050801231606168805,1.2834353961447207,-0.9907673869818273,-0.06127902848784561,-0.12093331038546759,-0.10274355366251708,0.9213654606868794,0.3748725783970495,0.0884519478247908,0.3838366430147601,-0.9191548750918749,-0.9911864201658623,-0.0634313742905014,0.11630108010848804,-0.0634313742905014,0.8880059786377129,-0.4466681061335599,0.11630108010848804,-0.45543588205069707,-0.8871085963559693,-0.9973,-0.07287,0.00933,-0.06123,0.89471,0.44243,-0.04059,0.44066,-0.89676
1.041584121005144,0.02515305000000001,-0.029340610000000017,1.25108855,0.003939720385015813,0.05154371785977762,1.2893737356014876,-0.9953497193879347,-0.06248600248751549,-0.07331054226705702,-0.08274883197563332,0.9442471658458649,0.3186689827998955,0.049310920910363785,0.3232534443516138,-0.9450267952782028,-0.9956087481179201,-0.06466222109429126,0.06769060373656557,-0.06466222109429126,0.9152338344751215,-0.3935939643071442,0.06769060373656557,-0.3977006731137358,-0.9167888379702087,-0.99826,-0.05884,-0.00414,-0.0551,0.90513,0.42155,-0.02105,0.42105,-0.90679
1.058355290995678,0.02517715000000001,-0.029968810000000012,1.2518368100000001,0.003947331196655597,0.0526696129268353,1.2901866290319959,-0.9959756553452543,-0.062235262773582524,-0.06449237185198096,-0.0834393555686001,0.9065597298998971,0.41374790641902065,0.032716477528728194,0.4174640441898309,-0.9081042913161368,-0.9961339910458619,-0.06497279668702098,0.05912366339892698,-0.06497279668702098,0.8693130306427483,-0.4867941865651835,0.05912366339892698,-0.4899728466408989,-0.8715135181697594,-0.99827,-0.05859,-0.00391,-0.05479,0.90546,0.42088,-0.02111,0.42037,-0.90711
1.0751696929946775,0.025240479999999982,-0.031232360000000015,1.25358565,0.003939737235431086,0.053659588768203176,1.289377083818363,-0.9953529453374518,-0.062490427693880815,-0.07326295554163538,-0.08266503016145811,0.9447226327652735,0.31727848954736126,0.04938630373357587,0.3218603634927508,-0.9454982281399841,-0.9956115960667653,-0.06466741830948698,0.06764373427431378,-0.06466741830948698,0.9145152230361243,-0.39524948214838457,0.06764373427431378,-0.39934951088535703,-0.9160797847757911,-0.9983,-0.05817,-0.00277,-0.05395,0.90606,0.41969,-0.02191,0.41913,-0.90766
1.0920245339948451,0.025373230000000024,-0.032453710000000024,1.25575743,0.0039473305578329775,0.05478677671722825,1.290187998609336,-0.995977282909738,-0.062239512682238735,-0.06446312890958127,-0.08338166085766457,0.907188215520542,0.4123797282278454,0.03281387755741856,0.4160958839999882,-0.9087284879203001,-0.9961353734615662,-0.06497755438078592,0.0590951365619717,-0.06497755438078592,0.8684448733257145,-0.48833692220864344,0.0590951365619717,-0.49150932790840884,-0.8706519483941395,-0.99834,-0.05766,-0.00082,-0.0527,0.90644,0.41902,-0.02342,0.41837,-0.90797
1.1088195799966343,0.02548297999999999,-0.03303043,1.2570056900000002,0.003939755481722099,0.055775481131316626,1.2893805838643309,-0.9953562922619758,-0.062494846361007494,-0.0732136983959035,-0.08258099018777956,0.9451938378794296,0.3158939519749615,0.049459392577124395,0.3204730924946235,-0.9459655202346617,-0.9956145517580832,-0.06467264181781568,0.06759521971157106,-0.06467264181781568,0.9137910568257046,-0.39690975877537565,0.06759521971157106,-0.4010029349838555,-0.9153652438567993,-0.99834,-0.05761,-1e-05,-0.05233,0.90678,0.41835,-0.02409,0.41765,-0.90829
1.1423035619955044,0.026319549999999997,-0.0349786,1.2630342300000001,0.0039007120436986144,0.05712020873522962,1.2834573926219695,-0.9907856826928862,-0.06129090101616405,-0.12077730094441566,-0.10229600664787913,0.9230871188343847,0.37073669641125495,0.0887651845865722,0.3796756464334534,-0.9208513156371396,-0.9912036579493432,-0.06344467276077972,0.11614681212206913,-0.06344467276077972,0.8855700932468252,-0.451396203652549,0.11614681212206913,-0.4601525654009618,-0.8847323806451006,-0.99835,-0.05735,-0.00313,-0.0536,0.91081,0.40933,-0.02062,0.40882,-0.91238
1.1760407609981485,0.027193980000000006,-0.036476570000000014,1.26871822,0.005617464555375016,0.06009006967628475,1.3139766937424155,-0.992490035028439,-0.04152114511386484,-0.11506313431191222,-0.08213546991591403,0.9232539998836861,0.3753076288599365,0.09064929647239274,0.3819398463203456,-0.9197307534500796,-0.9932013561238254,-0.04517038881006266,0.10728794046183272,-0.04517038881006266,0.8846704135753958,-0.4575150361898136,0.10728794046183272,-0.46402359349400135,-0.8827056641325532,-0.99824,-0.05935,-0.00178,-0.05495,0.91212,0.40622,-0.02249,0.4056,-0.91377
1.192683664005017,0.028019560000000027,-0.03729604,1.2729536700000001,0.006008491450356679,0.05922810765516509,1.283499014431409,-0.9906650420686249,-0.06067484656224997,-0.12207103431124396,-0.10208057148517433,0.9236773775312181,0.36932324481720846,0.09034562163397676,0.37833670880803905,-0.9212486110816511,-0.9913489177351037,-0.06420850243431421,0.11447528781610948,-0.06420850243431421,0.8847783466569235,-0.4529383981101467,0.11447528781610948,-0.46156748748388154,-0.8841618720555829,-0.99818,-0.06035,-0.00089,-0.0556,0.91367,0.40263,-0.02349,0.40195,-0.91536
1.2094904169935035,0.028503819999999985,-0.03765515,1.27516051,0.006758984208708823,0.06244594913649878,1.3182346340172866,-0.9961515240062448,-0.08472987828138592,-0.022427415064102528,-0.0870374538434446,0.9261363009400735,0.36700958258537186,-0.01032583403344522,0.3675491801207835,-0.9299467604890367,-0.9959511584180957,-0.08894008843991653,0.013074812195712715,-0.08894008843991653,0.8873958227812421,-0.45306806744194433,0.013074812195712715,-0.45234755927130016,-0.8913800399102891,-0.99815,-0.06081,-0.00058,-0.05595,0.91463,0.40041,-0.02382,0.3997,-0.91634
1.2430161130032502,0.03056988999999999,-0.03901794000000003,1.28397007,0.008923835986210545,0.06244674682123444,1.3182519038123697,-0.9961715807848484,-0.08412659175323652,-0.023767587100938778,-0.08696935974287341,0.9261527904823389,0.3669841129363674,-0.00886070553235494,0.367646195739548,-0.9299235251652186,-0.9959048504150503,-0.08968301255523183,0.011423054705044039,-0.08968301255523183,0.8874165855704436,-0.4530431702781316,0.011423054705044039,-0.4521601053979803,-0.8914153912097016,-0.99844,-0.0556,0.00489,-0.04931,0.91972,0.38948,-0.02615,0.38863,-0.92102
