Time,xQTM,yQTM,zQTM,xCV,yCV,zCV,v0R11,v0R12,v0R13,v0R21,v0R22,v0R23,v0R31,v0R32,v0R33,v1R11,v1R12,v1R13,v1R21,v1R22,v1R23,v1R31,v1R32,v1R33,qtmR11,qtmR12,qtmR13,qtmR21,qtmR22,qtmR23,qtmR31,qtmR32,qtmR33
0.0,-0.005817029999999973,0.0007804399999999934,1.36026646,-0.017063186,0.021701505,1.4519233,-0.98023134,-0.030188078,-0.19553834,-0.11572994,0.88907355,0.44289365,0.16047786,0.4567679,-0.8749914,-0.9763903,-0.01954108,0.21512824,-0.01954108,0.8747131,-0.46931612,0.21512824,-0.484247,-0.8564241,-0.92204,-0.21765,0.32012,-0.02219,0.85532,0.51762,-0.38646,0.47016,-0.79347
0.016795504983747378,-0.00543817000000002,0.0008776999999999813,1.3410445500000001,-0.016745046,0.021196987,1.4393426,-0.96676785,0.029493796,0.25394887,-0.07568979,0.9157713,-0.39450476,-0.24419452,-0.40061584,-0.8831059,-0.9720397,0.020774677,-0.23389587,0.020774677,0.9269843,0.36871594,-0.23389587,0.3745243,-0.89963394,-0.92582,-0.21379,0.3117,-0.0197,0.85084,0.52505,-0.37746,0.47996,-0.79194
0.033613742009038106,0.006240919999999983,-0.0022746299999999997,1.29322508,-0.0172875,0.021840313,1.4215823,-0.9829462,0.04128744,-0.1791986,-0.04394549,0.89349717,0.44691345,0.17856535,0.44716686,-0.87644523,-0.97834975,0.05243416,0.20020586,0.05243416,0.8794699,-0.47334945,0.20020586,-0.4730575,-0.8578216,-0.99503,-0.0143,0.0985,0.03725,0.86421,0.50176,-0.0923,0.50294,-0.85938
0.050387942988891155,0.006778619999999985,-0.0012333999999999956,1.25088388,-0.016308574,0.021890266,1.3873849,-0.9822308,0.018663593,-0.18674672,-0.0666837,0.8954085,0.44022363,0.17543076,0.44485417,-0.8782533,-0.9776946,0.029837204,0.20790157,0.029837204,0.8807258,-0.46802223,0.20790157,-0.4726857,-0.85891336,-0.996,-0.02425,0.08599,0.02384,0.85542,0.51738,-0.08611,0.51736,-0.85142
0.06718919600825757,0.007465360000000004,-0.0007848300000000141,1.22921681,-0.016393848,0.022572877,1.3955331,-0.98754907,0.018465785,-0.15622364,-0.04337715,0.9226221,0.38325828,0.15121254,0.3852629,-0.9103336,-0.9837539,0.027837817,0.17735073,0.027837817,0.90946406,-0.41292003,0.17735073,-0.41484964,-0.89333296,-0.99684,-0.03151,0.07287,0.01154,0.85063,0.52563,-0.07855,0.52482,-0.84758
0.08400280299247243,0.009174550000000004,0.0002690499999999929,1.18561881,-0.016775716,0.020500395,1.3344026,-0.9882608,0.017234832,-0.15180093,-0.04155253,0.9258367,0.37563255,0.14701684,0.37753066,-0.914252,-0.9842827,0.027052203,0.1745158,0.027052203,0.91359776,-0.40395024,0.1745158,-0.4057183,-0.8979802,-0.99819,-0.03195,0.05089,0.00075,0.84026,0.54218,-0.06008,0.54124,-0.83872
0.1007497439859435,0.007962520000000028,0.0014893599999999951,1.1439883100000001,-0.015820641,0.019999731,1.3001533,-0.9845036,0.037525993,-0.17130217,-0.040078793,0.90283394,0.4281175,0.17072295,0.4283488,-0.8873393,-0.98009527,0.04822151,0.19258234,0.04822151,0.8893744,-0.45489717,0.19258234,-0.45462936,-0.8694715,-0.9934,-0.08146,0.08077,-0.02051,0.81889,0.57358,-0.11287,0.56814,-0.81516
0.11753857499570586,0.0070823399999999925,0.0021838600000000097,1.12350301,-0.015338947,0.019468693,1.2637755,-0.99722356,-0.005786335,-0.07424047,-0.040534727,0.87850785,0.47600517,0.062466506,0.4776929,-0.87630326,-0.9954333,0.00610792,0.0952644,0.00610792,0.8635398,-0.5024621,0.0952644,-0.5042436,-0.85933495,-0.98824,-0.11621,0.09937,-0.03556,0.80675,0.58982,-0.14871,0.57935,-0.8014
0.13434142799815163,0.006899530000000015,0.0026199899999999887,1.08305902,-0.013733232,0.017710974,1.2134032,-0.9973142,-0.0052975705,-0.07305018,-0.038938638,0.8831002,0.46756586,0.062033664,0.46915457,-0.88093466,-0.99567217,0.0055828993,0.09276724,0.0055828993,0.8692028,-0.49274996,0.09276724,-0.4944242,-0.86521196,-0.98062,-0.1671,0.10233,-0.06699,0.77671,0.62628,-0.18413,0.60728,-0.77285
0.15123498399043456,0.01038552000000001,0.0019040399999999957,1.04174965,-0.012253799,0.017078195,1.1677577,-0.99801683,-0.005499344,-0.06270671,-0.03760686,0.8509432,0.5239097,0.05047869,0.5252289,-0.84946245,-0.99675274,0.005753989,0.08031757,0.005753989,0.83544207,-0.54816806,0.08031757,-0.5495484,-0.8325027,-0.98673,-0.15174,0.0578,-0.08176,0.77182,0.63056,-0.14029,0.61747,-0.77398
0.16792091200477444,0.012322180000000016,0.0013205900000000104,1.0219061200000001,-0.010879813,0.016484005,1.12511,-0.9984335,-0.0055113467,-0.055679806,-0.036321033,0.8208053,0.57005215,0.042560525,0.5711815,-0.8197197,-0.99743664,0.00573744,0.07132507,0.00573744,0.80399144,-0.5934375,0.07132507,-0.5946132,-0.8017136,-0.9893,-0.14147,0.03579,-0.08717,0.76962,0.63253,-0.11703,0.62264,-0.77371
0.18471651198342443,0.01656432000000002,-0.0001396700000000084,0.98365462,-0.009599729,0.016384399,1.0864077,-0.99971545,-0.0048622047,-0.02335267,-0.017596649,0.8112837,0.5843878,0.016104227,0.58463246,-0.81113845,-0.9993138,0.0050602513,0.036693264,0.0050602513,0.7935758,-0.60819566,0.036693264,-0.6084503,-0.7929386,-0.99335,-0.11499,0.00541,-0.08565,0.7697,0.63264,-0.07691,0.62797,-0.77443
0.20154067099792883,0.0196606,-0.0014215600000000161,0.9483526000000001,-0.0075056674,0.016115502,1.0479544,-0.99846363,-0.029849526,0.046683747,-0.05189028,0.79921234,-0.59880465,-0.019436192,-0.6003071,-0.79953337,-0.99865687,-0.038884167,-0.034241233,-0.038884167,0.81755567,0.57354224,-0.034241233,0.57453525,-0.81846005,-0.99734,-0.0726,-0.00683,-0.0608,0.77614,0.62762,-0.04027,0.62636,-0.77849
0.21835213599842973,0.022009780000000007,-0.0027285400000000293,0.9315585000000001,-0.005303311,0.017664872,1.0296292,-0.99770886,-0.053632077,-0.04123889,-0.0675667,0.82083976,0.56714803,0.0034331928,0.568635,-0.82258284,-0.99763167,-0.04758605,0.049665466,-0.04758605,0.8007722,-0.59511673,0.049665466,-0.59707576,-0.8021031,-0.99798,-0.05588,-0.03012,-0.06229,0.77052,0.63437,-0.01224,0.63497,-0.77244
0.23517917600111105,0.026480749999999997,-0.005668530000000005,0.89985095,-0.003948396,0.018038217,1.0122119,-0.9979434,-0.06396907,-0.004115453,-0.049058743,0.8035046,-0.5932737,0.04125795,-0.59185165,-0.8049903,-0.9975498,-0.06904345,0.011288352,-0.06904345,0.82434464,0.5638155,0.011288352,0.561862,-0.8258236,-0.99704,-0.01254,-0.0758,-0.05916,0.75483,0.65325,0.04903,0.6558,-0.75334
0.25190089299576357,0.030593659999999995,-0.008868740000000014,0.8706894300000001,-0.001407435,0.01903949,0.97971773,-0.99799645,-0.06320943,-0.0027730288,-0.047379863,0.77567756,-0.6293484,0.04193173,-0.6279561,-0.7771183,-0.9978289,-0.065598704,0.005852527,-0.065598704,0.7998096,0.5982446,0.005852527,0.5966586,-0.8012921,-0.99419,0.00911,-0.10729,-0.06538,0.74062,0.66874,0.08556,0.67187,-0.73571
0.26872689998708665,0.032362169999999996,-0.01049346000000001,0.85706872,0.00056808227,0.020408478,0.9338044,-0.99688417,-0.07692552,-0.017449236,-0.044995546,0.736259,-0.6752023,0.06478745,-0.67231333,-0.7374262,-0.9970359,-0.07533401,0.0156247085,-0.07533401,0.7650785,0.64216465,0.0156247085,0.6395152,-0.7664075,-0.993,0.01449,-0.11719,-0.06907,0.73372,0.67593,0.09578,0.6793,-0.72759
0.2855206379899755,0.03599178,-0.0123558,0.83167035,0.0020122398,0.02192624,0.9026091,-0.9930182,-0.10516908,-0.05342619,-0.04214667,0.7393384,-0.6720137,0.110175095,-0.66507006,-0.738609,-0.99362534,-0.1014721,0.049112983,-0.1014721,0.7709575,0.63512474,0.049112983,0.6287511,-0.77084655,-0.98844,-0.02701,-0.1492,-0.11927,0.74609,0.65508,0.09362,0.6653,-0.74068
0.30232482199789956,0.039377789999999996,-0.016120140000000005,0.8088139000000001,0.004770212,0.024326907,0.8701983,-0.98567784,-0.1325226,-0.104292795,-0.024421604,0.72408897,-0.6892741,0.16686165,-0.6768552,-0.7169548,-0.98780835,-0.12374728,0.09445244,-0.12374728,0.7611373,0.6477294,0.09445244,0.63667625,-0.75599295,-0.9865,-0.01033,-0.16346,-0.12249,0.70908,0.69441,0.10874,0.70505,-0.70077
0.3192083440080751,0.04125009000000002,-0.017484200000000005,0.7984373100000001,0.0072899684,0.027993187,0.86217695,-0.99244636,-0.10775761,0.058639064,-0.046050165,0.77025557,0.63607055,-0.11370851,0.62856555,-0.7693996,-0.99022734,-0.11942472,-0.072024465,-0.11942472,0.7283724,-0.68412226,-0.072024465,-0.6746936,-0.7258025,-0.98436,-0.00886,-0.17596,-0.13049,0.70772,0.69434,0.11838,0.70644,-0.6978
0.33593278800253756,0.04511789999999999,-0.01993055000000002,0.7799545000000001,0.010316789,0.030722292,0.84935975,-0.9916976,-0.11803497,0.051024992,-0.05987601,0.7750141,0.6291009,-0.113800995,0.6208227,-0.7756471,-0.9886237,-0.13359398,-0.06910737,-0.13359398,0.7283836,-0.6832939,-0.06910737,-0.6720193,-0.72686565,-0.97983,-0.00673,-0.19973,-0.14649,0.70401,0.69492,0.13594,0.71016,-0.69079
0.35273461998440325,0.04887045000000001,-0.021965509999999994,0.76446992,0.0122432755,0.031451844,0.7989914,-0.98159486,-0.15618479,-0.109898984,-0.01909708,0.65285385,-0.7572431,0.19001783,-0.74120724,-0.6438207,-0.98733604,-0.13235281,0.08746565,-0.13235281,0.70979375,0.7036449,0.08746565,0.69186383,-0.705148,-0.97612,-0.00669,-0.21712,-0.1598,0.69911,0.69693,0.14713,0.71498,-0.68349
0.36950108100427315,0.051024949999999986,-0.0225427,0.75802499,0.015314268,0.034383386,0.8060954,-0.97518456,-0.17242819,-0.13886549,-0.017096298,0.6840106,-0.7292717,0.22073247,-0.70880044,-0.66998446,-0.9829189,-0.14617519,0.111817785,-0.14617519,0.742012,0.6695145,0.111817785,0.65425605,-0.73433447,-0.9746,-0.01271,-0.22358,-0.16733,0.70483,0.68936,0.14882,0.70926,-0.68906
0.38630813598865643,0.05473953000000001,-0.02378706,0.74696512,0.018064106,0.035624295,0.7692186,-0.9666983,-0.18213442,-0.17978188,0.02425663,0.6341238,-0.772851,0.25476673,-0.7514746,-0.6085884,-0.9779448,-0.14699213,0.1483821,-0.14699213,0.7016583,0.7125087,0.1483821,0.6971864,-0.68579453,-0.97031,-0.01343,-0.2415,-0.18042,0.70521,0.68565,0.1611,0.70887,-0.6867
0.40321952098747715,0.058131370000000016,-0.02461735000000001,0.7388599100000001,0.021122156,0.037972122,0.76581055,-0.96074116,-0.2089588,-0.18251751,0.0010401963,0.6551307,-0.75551486,0.2774443,-0.72604406,-0.62919366,-0.97488874,-0.16942646,0.14452198,-0.16942646,0.7247134,0.68863714,0.14452198,0.6678961,-0.7105577,-0.96596,-0.01346,-0.25836,-0.19176,0.70758,0.68012,0.17366,0.70651,-0.68607
0.4199234599946067,0.059573000000000015,-0.02489185000000002,0.73593878,0.023467502,0.03744334,0.7315266,-0.9509636,-0.2401487,-0.19492759,0.0033486316,0.6221857,-0.78286254,0.30928457,-0.74512655,-0.5908718,-0.96924996,-0.19272621,0.15300706,-0.19272621,0.69590235,0.71769845,0.15300706,0.69179225,-0.6793363,-0.96441,-0.01402,-0.26403,-0.19601,0.70807,0.67839,0.17744,0.706,-0.68562
0.43671571198501624,0.061866260000000006,-0.02512795000000001,0.73230258,0.026601879,0.03996051,0.7296669,-0.968018,-0.19120327,0.16242677,-0.02544054,0.71890074,0.694647,-0.2495875,0.6682986,-0.7007732,-0.94695693,-0.24265087,-0.21069665,-0.24265087,0.6431392,-0.765729,-0.21069665,-0.7262868,-0.60767263,-0.96328,-0.01632,-0.268,-0.20053,0.70746,0.6777,0.17854,0.70656,-0.68476
0.4535282169817947,0.06348220000000002,-0.02495283000000001,0.7315136700000001,0.029263532,0.040600494,0.7342968,-0.9389295,-0.25810093,-0.22758579,0.006897468,0.6471269,-0.7623511,0.34404042,-0.7173637,-0.6058263,-0.9637271,-0.20207791,0.17434049,-0.20207791,0.7238026,0.689477,0.17434049,0.6597532,-0.7030127,-0.96395,-0.01998,-0.26534,-0.20196,0.70422,0.68065,0.17326,0.7097,-0.68287
0.47032949500135146,0.06443070000000001,-0.02425184999999999,0.73356639,0.031628165,0.040848754,0.73327994,-0.9359982,-0.26044413,-0.23680417,0.019676937,0.63296574,-0.7739297,0.35145438,-0.7290564,-0.58733004,-0.9629528,-0.19952555,0.18141508,-0.19952555,0.71150535,0.70251894,0.18141508,0.6737579,-0.6881538,-0.9673,-0.02065,-0.25281,-0.19247,0.70891,0.67853,0.16521,0.705,-0.6897
0.4871436760004144,0.06479955000000001,-0.023773550000000004,0.73548248,0.033417743,0.040442828,0.72619945,-0.938344,-0.27233407,-0.21294305,-0.005293931,0.6272185,-0.77882534,0.3456625,-0.72967875,-0.5899884,-0.966779,-0.20544374,0.15208973,-0.20544374,0.7059556,0.7071944,0.15208973,0.6778049,-0.6904671,-0.96791,-0.0227,-0.25025,-0.19198,0.70936,0.6782,0.16212,0.70448,-0.69096
0.5039209699898493,0.06521709,-0.022582259999999993,0.7411330400000001,0.03461094,0.0404451,0.7262353,-0.93774754,-0.27352095,-0.21404642,-0.005204782,0.62728196,-0.77877486,0.34727868,-0.72918016,-0.5896557,-0.96717143,-0.20432906,0.1510928,-0.20432906,0.7060071,0.70714754,0.1510928,0.6780882,-0.6907339,-0.96924,-0.02639,-0.24468,-0.19014,0.71153,0.67644,0.15625,0.70216,-0.69466
0.5207024920091499,0.06503329,-0.021188470000000015,0.74914929,0.036268268,0.040089108,0.7358935,-0.9236437,-0.30034676,-0.23806337,-0.01586275,0.65059346,-0.75926054,0.3829239,-0.6975098,-0.6056809,-0.9572015,-0.23264793,0.17216344,-0.23264793,0.72411734,0.6876903,0.17216344,0.64925265,-0.7052955,-0.972,-0.03146,-0.23285,-0.18514,0.71278,0.67651,0.14469,0.70068,-0.69865
0.5375370719993953,0.06476049,-0.020468740000000013,0.7539851200000001,0.03765269,0.039683342,0.7413881,-0.97305745,-0.19747025,0.11901534,-0.060529508,0.71687996,0.6945641,-0.22247545,0.6686468,-0.7095182,-0.9453875,-0.26760378,-0.18609333,-0.26760378,0.6430225,-0.7652037,-0.18609333,-0.7175725,-0.61630553,-0.97374,-0.03431,-0.22508,-0.18163,0.71317,0.67705,0.13729,0.70015,-0.70067
0.5542996909935027,0.06408109000000001,-0.019063410000000003,0.76513156,0.035890836,0.03755517,0.72784483,-0.9395191,-0.27607328,-0.20270021,-0.0069121346,0.60699475,-0.79467577,0.34242672,-0.745212,-0.5721914,-0.9692923,-0.20244557,0.1396002,-0.20244557,0.682083,0.7303241,0.1396002,0.7026938,-0.6686841,-0.97658,-0.03876,-0.21164,-0.17501,0.71531,0.67654,0.12517,0.69773,-0.70534
0.5711038479930721,0.06340488999999999,-0.017605070000000028,0.7780764400000001,0.03670876,0.03752326,0.75074613,-0.9320445,-0.292391,-0.21401064,-0.032834813,0.65635294,-0.7537391,0.36085305,-0.69549143,-0.62135077,-0.9634223,-0.2242843,0.14667654,-0.2242843,0.72367597,0.6871798,0.14667654,0.65267885,-0.71152645,-0.97808,-0.04159,-0.20405,-0.17056,0.72218,0.67035,0.11948,0.69045,-0.71344
0.5879294269834645,0.06306335000000002,-0.01686911000000002,0.78518809,0.037678994,0.03694464,0.7670812,-0.97933936,-0.1816905,0.088785894,-0.07221903,0.7243302,0.6856604,-0.18888828,0.6650822,-0.72248656,-0.95623076,-0.24828422,-0.15484719,-0.24828422,0.6585543,-0.7509104,-0.15484719,-0.7103951,-0.6419937,-0.9785,-0.04341,-0.20161,-0.1694,0.72679,0.66564,0.11763,0.68548,-0.71852
0.6047212569974363,0.06230685,-0.015403190000000011,0.8006455600000001,0.03469059,0.034870468,0.7532578,-0.9504557,-0.25673395,-0.17527589,-0.023261482,0.6209995,-0.7834657,0.3099885,-0.7405723,-0.5962046,-0.97518605,-0.18899079,0.11530246,-0.18899079,0.68788946,0.72424763,0.11530246,0.70077854,-0.6798313,-0.97982,-0.04706,-0.19427,-0.16554,0.73578,0.65668,0.11204,0.67559,-0.72872
0.6215367600088939,0.061431209999999986,-0.014075179999999993,0.81767098,0.034557402,0.03288866,0.75741744,-0.9430836,-0.2689437,-0.19560845,-0.035441928,0.6661304,-0.74499273,0.33066183,-0.6956577,-0.63774854,-0.96972436,-0.20542994,0.13203467,-0.20542994,0.725547,0.68552,0.13203467,0.6567953,-0.71598125,-0.98197,-0.05192,-0.18178,-0.15962,0.74294,0.65005,0.1013,0.66735,-0.73783
0.6382912840053905,0.061029200000000006,-0.013413620000000015,0.8266932300000001,0.03451438,0.032792855,0.78426266,-0.9525435,-0.25005612,-0.17358793,-0.03880103,0.6653464,-0.7455258,0.30191937,-0.7034103,-0.64347386,-0.9753126,-0.18949804,0.113383785,-0.18949804,0.7228502,0.688358,0.113383785,0.6645134,-0.71645474,-0.98284,-0.05429,-0.17627,-0.15706,0.74744,0.64549,0.09671,0.6621,-0.74315
0.6551068630069494,0.06050778000000001,-0.01200851,0.8455810300000001,0.034654044,0.031598844,0.8024771,-0.94900763,-0.25428697,-0.18633999,-0.040544126,0.6846193,-0.72777236,0.312635,-0.68310654,-0.6600188,-0.97283757,-0.19514258,0.12452505,-0.19514258,0.7375567,0.6724447,0.12452505,0.6464747,-0.7295969,-0.9832,-0.05816,-0.173,-0.1559,0.76048,0.63037,0.0949,0.64675,-0.75677
0.6718775079934858,0.06011685,-0.010644700000000007,0.86554292,0.035487283,0.03155248,0.83410746,-0.9804281,-0.17993718,0.07989612,-0.08770944,0.7625195,0.6409923,-0.1762607,0.6214392,-0.76337767,-0.9612183,-0.23550856,-0.14351015,-0.23550856,0.7138941,-0.69665504,-0.14351015,-0.6594626,-0.70290583,-0.98347,-0.06214,-0.17009,-0.15511,0.77378,0.61417,0.09345,0.63039,-0.77063
0.6886917049996555,0.059924439999999995,-0.010010950000000018,0.87591338,0.03327844,0.029764852,0.83341116,-0.9610652,-0.23243129,-0.14943026,-0.058973163,0.7008568,-0.71086,0.2699553,-0.6743704,-0.68727624,-0.9796206,-0.17900504,0.09110859,-0.17900504,0.7481315,0.65925354,0.09110859,0.63894945,-0.74638057,-0.98386,-0.06481,-0.1668,-0.15418,0.78014,0.6063,0.09083,0.62223,-0.77754
0.7055013979843352,0.05963560000000001,-0.008938400000000013,0.89735633,0.033434726,0.029154195,0.8549868,-0.9579845,-0.23624267,-0.16265008,-0.060852535,0.7215792,-0.6896524,0.28029025,-0.65077865,-0.7056377,-0.9770597,-0.18574667,0.104175135,-0.18574667,0.7651098,0.63924354,0.104175135,0.6165267,-0.7619155,-0.98495,-0.07068,-0.1577,-0.15158,0.7916,0.59194,0.08299,0.60694,-0.79041
0.7223750950070098,0.059601580000000015,-0.008410339999999988,0.91956017,0.03196528,0.026045749,0.8347136,-0.96331614,-0.2308313,-0.1368903,-0.07412668,0.71909964,-0.6909421,0.25792882,-0.65544844,-0.709831,-0.9801108,-0.1814983,0.080256835,-0.1814983,0.7592488,0.6448514,0.080256835,0.6249797,-0.76008254,-0.98494,-0.0705,-0.15786,-0.15022,0.80098,0.57954,0.08559,0.59453,-0.79951
0.7392203570052516,0.05968508,-0.008218379999999997,0.9308511700000001,0.03419132,0.027407674,0.8899766,-0.98467404,-0.16783021,0.047434356,-0.10603557,0.7920369,0.60119385,-0.13846825,0.5869503,-0.79769415,-0.9707636,-0.21460165,-0.10753635,-0.21460165,0.754785,-0.6490631,-0.10753635,-0.6198756,-0.7530956,-0.98556,-0.07335,-0.15264,-0.14858,0.80698,0.57158,0.08126,0.586,-0.80623
0.7559906370006502,0.060477769999999986,-0.008855990000000008,0.95397516,0.032184914,0.025292302,0.8783379,-0.9567967,-0.23891872,-0.16570419,-0.07879777,0.76164675,-0.6431836,0.27987665,-0.60233885,-0.74756736,-0.97502047,-0.1944366,0.107375585,-0.1944366,0.79591155,0.5982528,0.107375585,0.5733404,-0.7940807,-0.98591,-0.08947,-0.14133,-0.15457,0.81025,0.56533,0.06393,0.57921,-0.81267
0.7727216449857224,0.061091720000000016,-0.00968663000000003,0.9771022000000001,0.032391943,0.02465397,0.8939403,-0.95910746,-0.2271033,-0.16892874,-0.06669745,0.7613671,-0.64488107,0.2750714,-0.6072432,-0.74538004,-0.97669274,-0.18309931,0.11200857,-0.18309931,0.79394686,0.6027384,0.11200857,0.5797612,-0.7900383,-0.98812,-0.09549,-0.12039,-0.1468,0.81814,0.55596,0.04541,0.56703,-0.82245
0.7894875409838278,0.06160578000000003,-0.010307240000000023,0.98860694,0.03375846,0.02524296,0.9416568,-0.96594113,-0.22080508,-0.134918,-0.102201425,0.8045555,-0.5850174,0.23772383,-0.5513035,-0.7997198,-0.98049855,-0.18160729,0.07510927,-0.18160729,0.83347553,0.54089063,0.07510927,0.5218595,-0.8377326,-0.98896,-0.09795,-0.11123,-0.14337,0.82252,0.55037,0.03758,0.56024,-0.82748
0.8063167569926009,0.06286686,-0.012188179999999993,1.01205367,0.03609757,0.026527537,0.9820684,-0.9872054,-0.15905873,0.011220516,-0.13144551,0.85161734,0.507415,-0.090264365,0.4994479,-0.8616288,-0.9777048,-0.19682457,-0.07316689,-0.19682457,0.8237074,-0.553195,-0.07316689,-0.53175765,-0.8298325,-0.98893,-0.10672,-0.10312,-0.14604,0.82318,0.54868,0.02634,0.55766,-0.82965
0.8231571810028981,0.05885788,-0.013062440000000008,1.0372819899999999,0.036308873,0.026857583,1.0002754,-0.979939,-0.18373407,-0.0772098,-0.110341474,0.82279086,-0.5575302,0.16596483,-0.5378262,-0.82655835,-0.9890944,-0.14633042,0.016726688,-0.14633042,0.85095453,0.5119885,0.016726688,0.504444,-0.85882944,-0.97736,-0.21157,0.00066,-0.17379,0.80462,0.56779,-0.12066,0.55482,-0.82318
0.8398867390060332,0.059788320000000006,-0.01437621,1.04865737,0.03641462,0.028605834,1.0130668,-0.98599505,-0.16368525,0.031952225,-0.12014008,0.8300104,0.54465497,-0.11567266,0.53318834,-0.8380513,-0.97514004,-0.20253313,-0.089901224,-0.20253313,0.7990566,-0.59082854,-0.089901224,-0.5661174,-0.80177265,-0.97596,-0.21753,0.01348,-0.1719,0.8063,0.56597,-0.13399,0.55005,-0.82431
0.8567188529996201,0.06216628000000002,-0.01739084000000002,1.07089432,0.03844945,0.030462869,1.034784,-0.988315,-0.15209495,-0.010029352,-0.1377819,0.86329186,0.4855341,-0.06518903,0.48124248,-0.8741602,-0.98045725,-0.18923816,-0.053782247,-0.18923816,0.8341155,-0.53565866,-0.053782247,-0.5181122,-0.84272015,-0.97278,-0.22897,0.03578,-0.1706,0.81201,0.55815,-0.15685,0.53685,-0.82897
0.8734906750032678,0.06507503,-0.020882010000000006,1.09247718,0.040607072,0.03275372,1.0686568,-0.9869929,-0.15800668,0.029646276,-0.12573297,0.8736013,0.47011912,-0.10018098,0.46027672,-0.88210493,-0.9761081,-0.19488108,-0.096095845,-0.19488108,0.84428453,-0.5229494,-0.096095845,-0.49920434,-0.84692943,-0.96944,-0.23862,0.05692,-0.16892,0.81758,0.55049,-0.1779,0.52405,-0.8329
0.890293139993446,0.06837591999999999,-0.024579340000000005,1.11310251,0.04372167,0.03523481,1.0918988,-0.98941875,-0.14486629,0.008022058,-0.1270876,0.8920131,0.43377578,-0.06999527,0.42816636,-0.9009851,-0.980237,-0.18119891,-0.0793876,-0.18119891,0.8627178,-0.49131835,-0.0793876,-0.47210696,-0.8673545,-0.96576,-0.24594,0.08265,-0.16426,0.82615,0.53897,-0.20083,0.50694,-0.83826
0.9070846709946636,0.07240321000000001,-0.02684241000000001,1.12113307,0.04555279,0.038431354,1.0933998,-0.9890036,-0.14250477,-0.03955067,-0.14472494,0.8775341,0.45715278,-0.030439388,0.4578497,-0.8885084,-0.98265326,-0.18251625,-0.03287008,-0.18251625,0.84356356,-0.5186394,-0.03287008,-0.50506276,-0.854361,-0.97481,-0.21602,0.05549,-0.15824,0.84519,0.51051,-0.15718,0.48887,-0.85808
0.923891623999225,0.08236673000000001,-0.03166221999999999,1.1359698,0.047872454,0.04102923,1.1160566,-0.98494583,-0.16855468,-0.038353793,-0.12367632,0.84213644,-0.52489084,0.12077193,-0.5122456,-0.850305,-0.99124354,-0.12720966,-0.035411473,-0.12720966,0.8780364,0.46084034,-0.035411473,0.46137822,-0.88677627,-0.98921,-0.14138,-0.03847,-0.14362,0.88359,0.44569,-0.02903,0.4464,-0.89436
0.9407111289910972,0.08957032,-0.03669743,1.15309186,0.051545266,0.044260986,1.116186,-0.9913547,-0.12539916,-0.038611986,-0.12908393,0.87936115,0.4583245,-0.02351963,0.45934635,-0.88794583,-0.98439413,-0.1707906,-0.04241203,-0.1707906,0.8408585,-0.5270519,-0.04241203,-0.5136025,-0.8487741,-0.99069,-0.11482,-0.07311,-0.13515,0.89357,0.42809,0.01618,0.43398,-0.90078
0.9575573290057946,0.09002044,-0.03938689000000001,1.16353952,0.056304265,0.049208995,1.1578242,-0.9883746,-0.13114916,-0.07691234,-0.15148859,0.8924715,0.42490688,0.012915892,0.43161854,-0.9019638,-0.98434275,-0.17602824,-0.009133439,-0.17602824,0.8534388,-0.4997435,-0.009133439,-0.4905673,-0.8661253,-0.99053,-0.13489,-0.02564,-0.13175,0.88114,0.45413,-0.03867,0.45321,-0.89057
0.9742807050060946,0.09586217000000001,-0.04407253,1.18007744,0.06151278,0.05457995,1.2034523,-0.989926,-0.13781106,-0.03247619,-0.13930812,0.90705234,0.39730254,-0.025295082,0.39782432,-0.9171128,-0.9814421,-0.18213582,-0.05998344,-0.18213582,0.8680905,-0.47857526,-0.05998344,-0.46178502,-0.8759953,-0.98935,-0.14464,-0.01642,-0.13682,0.88545,0.44414,-0.0497,0.44165,-0.89581
0.9911273370089475,0.10050619000000001,-0.04863192000000002,1.19534126,0.06374174,0.05600625,1.1814599,-0.98621196,-0.11435815,-0.119617075,-0.15214658,0.9108971,0.38355955,0.065095685,0.39647034,-0.9157368,-0.9867176,-0.16084981,0.022711314,-0.16084981,0.8698233,-0.46917242,0.022711314,-0.46640626,-0.8828145,-0.98883,-0.14855,0.01249,-0.12824,0.89038,0.43678,-0.076,0.4303,-0.89948
1.0078811759885866,0.10344318,-0.05110329999999999,1.20227382,0.07052249,0.06249135,1.231233,-0.98526734,-0.17022873,-0.016445633,-0.13707171,0.8435269,-0.5193012,0.10227231,-0.50939626,-0.85443306,-0.9896747,-0.115416795,-0.08498819,-0.115416795,0.8915778,0.43037918,-0.08498819,0.43791324,-0.89863825,-0.9889,-0.14789,0.01436,-0.12726,0.8929,0.43189,-0.0767,0.42527,-0.90181
1.0246838539896999,0.10888089,-0.056084350000000005,1.21543141,0.07523792,0.06855386,1.2512815,-0.9864866,-0.13843608,-0.08763362,-0.16284364,0.8873954,0.43129042,0.01805951,0.4397328,-0.8979471,-0.98028815,-0.19665287,-0.0190459,-0.19665287,0.8350226,-0.527261,-0.0190459,-0.51387244,-0.84948987,-0.98811,-0.15163,0.02526,-0.12679,0.89687,0.42373,-0.08691,0.41549,-0.90544
1.0415385669912212,0.11406137,-0.06102615,1.22699686,0.07851133,0.06896816,1.2294289,-0.9850096,-0.17183635,0.015110766,-0.15763651,0.86110646,-0.48336983,0.070048526,-0.47850594,-0.8752858,-0.98478097,-0.115758196,-0.12964003,-0.115758196,0.9101214,0.38326594,-0.12964003,0.3978431,-0.91449475,-0.98615,-0.16177,0.0367,-0.13249,0.90126,0.41253,-0.09981,0.40195,-0.91021
1.0582706040004268,0.11684916000000001,-0.06377787000000001,1.2322879100000002,0.08589993,0.076387346,1.2803099,-0.98213166,-0.12646872,-0.13936657,-0.16258988,0.9431329,0.28993943,0.09477293,0.30741832,-0.9468432,-0.9846862,-0.17372797,0.014549096,-0.17372797,0.9008745,-0.40154907,0.014549096,-0.3977986,-0.91572195,-0.98577,-0.16305,0.0409,-0.13226,0.90244,0.41002,-0.10376,0.39877,-0.91116
1.0751937429886311,0.12231738,-0.06917355000000003,1.2417825500000002,0.09013303,0.08061362,1.2807064,-0.98193765,-0.12572184,-0.14139464,-0.16216002,0.94423467,0.28657466,0.097481035,0.304327,-0.9475666,-0.9844742,-0.17521578,0.01048732,-0.17521578,0.89973515,-0.4042721,0.01048732,-0.39972,-0.9145786,-0.9849,-0.16683,0.04637,-0.13425,0.90487,0.40396,-0.10935,0.39164,-0.9136
1.091998119984055,0.12772754000000003,-0.07464886000000001,1.2498778700000002,0.09385776,0.083901696,1.2744826,-0.9738732,-0.11904651,-0.19338794,-0.18001392,0.92383343,0.3378266,0.13844116,0.3638128,-0.92112666,-0.9818911,-0.17932232,0.061101336,-0.17932232,0.8695126,-0.45704392,0.061101336,-0.46020794,-0.88734293,-0.98395,-0.17083,0.05168,-0.13646,0.90672,0.39904,-0.11502,0.38558,-0.91548
1.1087021990097128,0.1304337,-0.07735865000000003,1.25341151,0.09808051,0.08811689,1.2749605,-0.97356623,-0.11814044,-0.19547804,-0.17943057,0.9251523,0.3345115,0.14132762,0.3607438,-0.921895,-0.9818094,-0.18102485,0.05727412,-0.18102485,0.86821574,-0.45964342,0.05727412,-0.46198642,-0.8862548,-0.98362,-0.17188,0.05428,-0.13683,0.90808,0.39582,-0.11733,0.38191,-0.91672
1.1254951559822075,0.13605502,-0.08286057,1.25951024,0.10287309,0.09231435,1.2821845,-0.98290855,-0.11578715,-0.1431226,-0.16222227,0.912301,0.37601975,0.08703264,0.3928107,-0.9154917,-0.98235965,-0.1870007,0.0005393412,-0.1870007,0.8481393,-0.50448376,0.0005393412,-0.49567172,-0.863421,-0.98264,-0.17657,0.05698,-0.14075,0.90951,0.39114,-0.12088,0.37633,-0.91857
1.1423182199941948,0.14126513000000002,-0.08770042000000003,1.26449981,0.10429534,0.09448061,1.2547784,-0.9860048,-0.12972057,-0.104723446,-0.1617228,0.8968115,0.41179466,0.04049895,0.4229677,-0.9052393,-0.97719175,-0.20849639,-0.04031843,-0.20849639,0.82562137,-0.5428699,-0.04031843,-0.5242887,-0.8388484,-0.97882,-0.18569,0.08616,-0.14081,0.91626,0.37502,-0.14858,0.35494,-0.92301
1.1758925269823521,0.15066125,-0.09517254,1.27021884,0.114422545,0.10503063,1.2705989,-0.9650897,-0.109761566,-0.2378116,-0.19415388,0.9092212,0.3682678,0.17580168,0.4015835,-0.89879054,-0.9780101,-0.19258298,0.08004969,-0.19258298,0.8329485,-0.5135553,0.08004969,-0.51875675,-0.8543144,-0.97605,-0.19865,0.08867,-0.15316,0.91699,0.36834,-0.15448,0.34594,-0.92545
1.2262873889994808,0.16960153,-0.10630958999999998,1.27391294,0.1350896,0.12297535,1.3298601,-0.9712209,-0.16736405,-0.16946752,-0.20767686,0.943429,0.25848022,0.11662028,0.2862359,-0.9510356,-0.97098416,-0.23841871,-0.018607931,-0.23841871,0.87849236,-0.43036184,-0.018607931,-0.4140141,-0.9024646,-0.97656,-0.21054,0.04466,-0.18442,0.92556,0.33066,-0.11095,0.31467,-0.94269
1.243133226991631,0.17708552,-0.11093974000000004,1.27444575,0.13686661,0.12251261,1.2902689,-0.9586925,-0.17535521,-0.22396255,-0.23959945,0.9221861,0.30358678,0.15329961,0.34470767,-0.9261079,-0.9646856,-0.26141813,0.0322827,-0.26141813,0.84529114,-0.47484767,0.0322827,-0.46598652,-0.8794757,-0.97451,-0.22074,0.04003,-0.19637,0.9256,0.32359,-0.10848,0.30748,-0.94535
1.259878338983981,0.18086597000000001,-0.11332104000000001,1.27449692,0.14961703,0.13217014,1.3573196,-0.9742867,-0.19946513,-0.10478145,-0.2168295,0.95645183,0.19540945,0.06124104,0.21310452,-0.9751082,-0.95976114,-0.26081046,-0.10409835,-0.26081046,0.90231305,-0.3797512,-0.10409835,-0.3432333,-0.919213,-0.97351,-0.22542,0.03828,-0.20167,0.92543,0.3208,-0.10774,0.30458,-0.94637
1.2766484940075316,0.18832852,-0.11814977000000002,1.27434505,0.15638888,0.13669741,1.3580476,-0.97418666,-0.19892494,-0.10672039,-0.21646455,0.95731246,0.19156186,0.064058326,0.2097182,-0.9756612,-0.95844203,-0.26265836,-0.11135303,-0.26265836,0.90165603,-0.38199854,-0.11135303,-0.34355047,-0.9174299,-0.97161,-0.23326,0.03962,-0.20904,0.92475,0.31802,-0.11083,0.30071,-0.94726
1.31027835898567,0.2033076,-0.12751027,1.27350619,0.1656777,0.14277473,1.3212745,-0.9604044,-0.20449013,-0.18922776,-0.24640378,0.9404109,0.23433419,0.13003282,0.27168202,-0.9535619,-0.95627075,-0.28932425,-0.04286908,-0.28932425,0.8670545,-0.43502915,-0.04286908,-0.40559575,-0.8993953,-0.9675,-0.2494,0.04175,-0.2247,0.92367,0.3104,-0.11598,0.29093,-0.94969
1.327133855986176,0.20705193,-0.12978531000000001,1.27322523,0.1757578,0.14910187,1.3440069,-0.9703865,-0.22968656,-0.074793905,-0.24135074,0.9347179,0.26086828,0.0099932635,0.2711946,-0.9624727,-0.9336636,-0.31757158,-0.16559157,-0.31757158,0.86031157,-0.4643864,-0.16559157,-0.39876342,-0.8700142,-0.96644,-0.25363,0.04075,-0.22952,0.92382,0.30639,-0.11535,0.28675,-0.95103
1.3438867960067,0.21432344,-0.13451823999999998,1.27260641,0.18272282,0.15328711,1.346774,-0.96373206,-0.22191666,-0.14823455,-0.2571544,0.92073244,0.2934679,0.071358934,0.3209436,-0.9444062,-0.94038826,-0.3260225,-0.096846625,-0.3260225,0.83350176,-0.49882227,-0.096846625,-0.44607636,-0.86127645,-0.96428,-0.2617,0.04107,-0.23796,0.92385,0.2998,-0.1164,0.27932,-0.95312
1.36066149600083,0.22132306000000002,-0.13959809000000004,1.2719861700000001,0.18360381,0.15301892,1.3094283,-0.94071716,-0.3344212,-0.056689374,-0.27857807,0.85709083,-0.43334693,0.19350834,-0.39186445,-0.8994425,-0.94856066,-0.24229956,-0.20377341,-0.24229956,0.9336187,0.21697363,-0.20377341,0.2639072,-0.9546721,-0.96234,-0.2683,0.0438,-0.24388,0.92322,0.29697,-0.12012,0.27511,-0.95388
1.3774942210002337,0.22474922,-0.14219187000000003,1.27171413,0.19054961,0.15718588,1.3129873,-0.93331265,-0.34326127,-0.105352715,-0.2501675,0.83211243,-0.49497995,0.25757274,-0.4356152,-0.8624939,-0.9590856,-0.23459783,-0.15848863,-0.23459783,0.92141205,0.27815515,-0.15848863,0.30978015,-0.9473706,-0.96138,-0.27145,0.04553,-0.24672,0.92321,0.29463,-0.12201,0.27202,-0.95453
1.3942705449881032,0.23173777,-0.14794131000000002,1.27097317,0.19945967,0.16478196,1.3328934,-0.95182925,-0.2785069,-0.12827694,-0.29675204,0.9420104,0.15669902,0.077196464,0.18721716,-0.9792806,-0.92241436,-0.35407826,-0.15420887,-0.35407826,0.8796235,-0.3899016,-0.15420887,-0.3176337,-0.9078526,-0.96091,-0.27661,0.01168,-0.26102,0.91918,0.29491,-0.09232,0.28033,-0.95545
1.4111069469945505,0.23771605,-0.15283144,1.2710706900000002,0.20580108,0.16926925,1.3316443,-0.91093445,-0.36598068,-0.19041148,-0.24135551,0.84708583,-0.4734904,0.3345832,-0.38536185,-0.8599711,-0.9594116,-0.26683012,-0.091274776,-0.26683012,0.9287359,0.2415229,-0.091274776,0.25739327,-0.96609294,-0.95614,-0.28859,0.05008,-0.26397,0.9231,0.27965,-0.12694,0.25416,-0.95879
1.4278697590052616,0.24071738,-0.15563011000000002,1.2710587800000002,0.21290441,0.17493963,1.3349453,-0.95160097,-0.25825298,-0.16661629,-0.29587302,0.9164824,0.26929384,0.08315496,0.30555755,-0.9485356,-0.9187255,-0.3758931,-0.1210283,-0.3758931,0.8199193,-0.50540257,-0.1210283,-0.43178323,-0.8543538,-0.95458,-0.29335,0.05214,-0.26853,0.92289,0.27599,-0.12909,0.24946,-0.95974
1.4446932380087674,0.246367,-0.16149727,1.27126473,0.23029013,0.19067913,1.4110292,-0.94663167,-0.30474386,-0.104974374,-0.32151473,0.91575986,0.24085715,0.022731576,0.26175383,-0.96486694,-0.89201945,-0.40957227,-0.19118531,-0.40957227,0.8286984,-0.48682177,-0.19118531,-0.38145703,-0.852322,-0.95151,-0.302,0.05845,-0.27622,0.92248,0.2697,-0.13537,0.24048,-0.96117
1.4614972049894277,0.2515586,-0.16776433,1.2718725800000001,0.2240719,0.18490043,1.3360417,-0.95171463,-0.2783402,-0.12948357,-0.2955143,0.9448908,0.14089951,0.08312983,0.17236038,-0.98151994,-0.9140987,-0.36048007,-0.18568175,-0.36048007,0.877152,-0.4008087,-0.18568175,-0.31726715,-0.8971481,-0.9484,-0.31005,0.06644,-0.28288,0.92197,0.2645,-0.14326,0.23206,-0.9621
1.4782611459959298,0.25351618,-0.17138958,1.2723974400000002,0.22616251,0.18705602,1.316223,-0.947032,-0.30419937,-0.10292334,-0.32002306,0.9206572,0.22355206,0.026752725,0.24464878,-0.96924263,-0.8873714,-0.41024685,-0.21040304,-0.41024685,0.8330224,-0.48247656,-0.21040304,-0.37117535,-0.8502629,-0.94214,-0.33083,0.0541,-0.30477,0.91252,0.27281,-0.13962,0.24053,-0.96055
1.4951070960087236,0.25839829000000003,-0.17830120000000002,1.27325913,0.22856474,0.19010654,1.3023746,-0.9064418,-0.39605713,-0.14663567,-0.27305794,0.8144739,-0.5119293,0.32218418,-0.42399403,-0.84641975,-0.94759953,-0.27099767,-0.16916087,-0.27099767,0.91824967,0.24987783,-0.16916087,0.2887522,-0.9533864,-0.94089,-0.33391,0.05684,-0.30767,0.91272,0.26885,-0.14165,0.23547,-0.9615
1.5119266969850287,0.26396518,-0.1852717,1.27432021,0.23394112,0.1963291,1.3026631,-0.9348087,-0.27982283,-0.21870516,-0.31875882,0.93260324,0.16924535,0.15660644,0.22792622,-0.9610016,-0.91466576,-0.38815075,-0.11280767,-0.38815075,0.84145993,-0.4481687,-0.11280767,-0.37587792,-0.88680285,-0.94709,-0.31406,0.06623,-0.28818,0.9229,0.25535,-0.14132,0.22275,-0.96458
1.5286878990009427,0.26635611000000003,-0.18879727000000004,1.27527579,0.24426101,0.20779398,1.3386581,-0.9394976,-0.26654682,-0.21516766,-0.30525064,0.93647355,0.17274058,0.15545538,0.22796942,-0.96117824,-0.9174238,-0.37887514,-0.12160287,-0.37887514,0.8410195,-0.45892057,-0.12160287,-0.38618627,-0.8801163,-0.94089,-0.33583,0.04421,-0.31282,0.91154,0.2669,-0.12993,0.23729,-0.96271
1.545459814980859,0.27046996,-0.19615612000000002,1.27712043,0.2437786,0.20975286,1.3183028,-0.87929034,-0.41653562,-0.23096867,-0.2608892,0.82693213,-0.49811655,0.3984787,-0.37773186,-0.83578306,-0.9471404,-0.30386955,-0.102900006,-0.30386955,0.92394364,0.21063778,-0.102900006,0.23236072,-0.9721334,-0.93983,-0.33826,0.04805,-0.31489,0.91216,0.26231,-0.13256,0.23139,-0.96379
1.5623008410038892,0.27464506,-0.20413774000000004,1.27864601,0.24867976,0.21642323,1.3210363,-0.93913877,-0.31856245,-0.12859361,-0.3332976,0.9356163,0.11633928,0.08325296,0.15211867,-0.98484963,-0.88661104,-0.4055512,-0.22237158,-0.4055512,0.85994816,-0.42163038,-0.22237158,-0.3098668,-0.8790783,-0.93803,-0.34647,0.00724,-0.33192,0.90425,0.26863,-0.09962,0.24958,-0.96322
1.5791419179877266,0.27429335,-0.20578886999999998,1.27993554,0.26004022,0.22944303,1.3607743,-0.9055486,-0.37499154,-0.19840135,-0.30873328,0.9032417,-0.29805747,0.2909734,-0.20865242,-0.9337016,-0.92914146,-0.3288603,-0.16895866,-0.3288603,0.9438251,-0.025123669,-0.16895866,0.032326553,-0.98530287,-0.93452,-0.35264,0.04813,-0.33128,0.91129,0.24453,-0.1301,0.21257,-0.96845
1.595976296986919,0.27818157,-0.21592284000000003,1.2825201800000001,0.25529343,0.22952233,1.3215632,-0.93942297,-0.3191475,-0.12501732,-0.33289796,0.9364027,0.11103597,0.0816297,0.14592776,-0.98592174,-0.88233703,-0.40851253,-0.233664,-0.40851253,0.85609525,-0.43336308,-0.233664,-0.31657302,-0.8704008,-0.9198,-0.39211,0.01492,-0.37415,0.88785,0.26783,-0.11826,0.24076,-0.96335
1.6128426099894568,0.192,0.144,1.564,0.25790876,0.23564804,1.3239479,-0.895252,-0.42208162,-0.14272714,-0.31266338,0.82333976,-0.47365946,0.3174359,-0.379419,-0.869066,-0.9271439,-0.30746084,-0.2141778,-0.30746084,0.9281454,0.14731665,-0.2141778,0.20979491,-0.9656219,0.0,0.0,0.0,0.0,0.0,0.0,0.0,0.0,0.0
1.6297713999811094,0.192,0.144,1.564,0.26910326,0.2496584,1.3614558,-0.89732283,-0.37932986,-0.22565591,-0.29832762,0.898038,-0.3233084,0.32528812,-0.22279263,-0.9189946,-0.93164116,-0.33008727,-0.15194458,-0.33008727,0.94359493,-0.026029723,-0.15194458,0.025903098,-0.9880462,0.0,0.0,0.0,0.0,0.0,0.0,0.0,0.0,0.0
1.6463234660041053,0.192,0.144,1.564,0.2646646,0.25028417,1.3252096,-0.92770267,-0.3086182,-0.2100537,-0.34076172,0.9298452,0.13881414,0.15247685,0.20035651,-0.9677851,-0.891385,-0.4255988,-0.15587947,-0.4255988,0.81931,-0.48458487,-0.15587947,-0.3841832,-0.86074334,0.0,0.0,0.0,0.0,0.0,0.0,0.0,0.0,0.0
1.6631717249983922,0.192,0.144,1.564,0.26702985,0.25755018,1.3260612,-0.9392448,-0.2971582,-0.17180267,-0.32974544,0.92014486,0.21119043,0.09532637,0.25501066,-0.9622279,-0.8802525,-0.43682048,-0.18531975,-0.43682048,0.78553003,-0.5554064,-0.18531975,-0.43832684,-0.8106666,0.0,0.0,0.0,0.0,0.0,0.0,0.0,0.0,0.0
1.6799039359902963,0.192,0.144,1.564,0.26927978,0.26438755,1.3264494,-0.8885848,-0.42825785,-0.16435419,-0.3008319,0.8145438,-0.49600255,0.34629068,-0.39129734,-0.85262483,-0.9284308,-0.3097546,-0.20510574,-0.3097546,0.9309819,0.13298118,-0.20510574,0.19319639,-0.9696637,0.0,0.0,0.0,0.0,0.0,0.0,0.0,0.0,0.0
1.6967706909927074,0.192,0.144,1.564,0.2252142,0.22526112,1.1002172,-0.92104423,-0.38791063,-0.034682207,-0.37853357,0.91259617,-0.15453352,0.091596045,-0.12920383,-0.9873786,-0.85512775,-0.37971494,-0.35294908,-0.37971494,0.920796,-0.2332942,-0.35294908,-0.08917023,-0.9060909,0.0,0.0,0.0,0.0,0.0,0.0,0.0,0.0,0.0
1.7136504279915243,0.192,0.144,1.564,0.27382126,0.2798152,1.3273641,-0.8851614,-0.43142873,-0.17423691,-0.2941009,0.80896854,-0.5089937,0.36054668,-0.39929834,-0.8429513,-0.9292204,-0.31096426,-0.19962649,-0.31096426,0.9321642,0.12665397,-0.19962649,0.18539453,-0.9716522,0.0,0.0,0.0,0.0,0.0,0.0,0.0,0.0,0.0
1.7303599799924996,0.192,0.144,1.564,0.28400564,0.29434252,1.3632694,-0.9141163,-0.31095877,-0.26018456,-0.33048552,0.9432042,0.033839744,0.23488441,0.116920695,-0.96496576,-0.9040344,-0.40857142,-0.12566298,-0.40857142,0.84178644,-0.43472832,-0.12566298,-0.35279587,-0.89175117,0.0,0.0,0.0,0.0,0.0,0.0,0.0,0.0,0.0
1.7471638520073611,0.192,0.144,1.564,0.28643093,0.30124757,1.3641455,-0.91492313,-0.31188545,-0.25620925,-0.33017656,0.94342226,0.030625397,0.2321619,0.11261418,-0.9661361,-0.9025059,-0.40989208,-0.13218048,-0.40989208,0.8400896,-0.44012132,-0.13218048,-0.35529968,-0.88815624,0.0,0.0,0.0,0.0,0.0,0.0,0.0,0.0,0.0
1.7639544940029737,0.192,0.144,1.564,0.2923191,0.31229627,1.3783942,-0.9263715,-0.35720643,-0.11932889,-0.35769078,0.93366516,-0.018073304,0.11786913,0.02594025,-0.99269027,-0.8643614,-0.419918,-0.2766736,-0.419918,0.86669314,-0.40483263,-0.2766736,-0.26928023,-0.8715287,0.0,0.0,0.0,0.0,0.0,0.0,0.0,0.0,0.0
1.780718939990038,0.192,0.144,1.564,0.292691,0.31681377,1.3671402,-0.88401216,-0.42687947,-0.19051625,-0.2711804,0.80026895,-0.5348185,0.38076726,-0.42112175,-0.8232088,-0.9340865,-0.29922944,-0.19479267,-0.29922944,0.93815196,0.11862145,-0.19479267,0.1741627,-0.9736451,0.0,0.0,0.0,0.0,0.0,0.0,0.0,0.0,0.0
1.79745178099256,0.192,0.144,1.564,0.29470366,0.32397324,1.3683068,-0.9189993,-0.39097643,-0.050770734,-0.3767483,0.90882236,-0.17917222,0.11619369,-0.14553136,-0.9825068,-0.8521883,-0.3853069,-0.35399684,-0.3853069,0.91505605,-0.26587245,-0.35399684,-0.11921,-0.8966594,0.0,0.0,0.0,0.0,0.0,0.0,0.0,0.0,0.0
1.8143202149949502,0.192,0.144,1.564,0.29608682,0.33111617,1.3673041,-0.9184528,-0.31543094,-0.23863724,-0.32926065,0.94403964,0.019406306,0.21916166,0.09639763,-0.97091484,-0.8953962,-0.41584098,-0.15919168,-0.41584098,0.831475,-0.46539208,-0.15919168,-0.36840945,-0.87067115,0.0,0.0,0.0,0.0,0.0,0.0,0.0,0.0,0.0
1.8311879280081484,0.192,0.144,1.564,0.29847828,0.33801064,1.3679619,-0.919227,-0.31616697,-0.23464896,-0.32912272,0.94413054,0.017198453,0.21610166,0.09303758,-0.971928,-0.8935766,-0.417304,-0.16546364,-0.417304,0.8293186,-0.471411,-0.16546364,-0.37160206,-0.86625254,0.0,0.0,0.0,0.0,0.0,0.0,0.0,0.0,0.0
