Time,xQTM,yQTM,zQTM,xCV0,yCV0,zCV0,v0R11,v0R12,v0R13,v0R21,v0R22,v0R23,v0R31,v0R32,v0R33,v1R11,v1R12,v1R13,v1R21,v1R22,v1R23,v1R31,v1R32,v1R33,qtmR11,qtmR12,qtmR13,qtmR21,qtmR22,qtmR23,qtmR31,qtmR32,qtmR33,xCV1,yCV1,zCV1
0.0,0.04699081000000002,-0.023613370000000022,1.3577810000000001,0.026190294,0.045385215,1.4961063,0.7443095,-0.6369047,0.20088758,-0.55309457,-0.75646544,-0.34906512,0.37428573,0.14870265,-0.9153129,0.73133874,-0.64092255,-0.23315646,-0.64092255,-0.7633528,0.2937504,-0.23315646,-0.08068943,-0.92701066,0.71524,-0.59421,-0.36789,-0.65563,-0.75279,-0.05877,-0.24202,0.28323,-0.92801,0.026011713,0.045612454,1.4954345
0.0167729819950182,0.04761205000000002,-0.023907680000000014,1.33490282,0.026811691,0.046676993,1.4695066,0.7661316,-0.6322751,-0.11519807,-0.5416005,-0.73167366,0.41391134,-0.34599322,-0.2547192,-0.9029988,0.7788765,-0.6217094,0.08263637,-0.6217094,-0.7133725,-0.47031254,0.08263637,0.32338375,-0.8786224,0.71419,-0.59233,-0.37293,-0.65057,-0.75831,-0.04148,-0.25823,0.27224,-0.92693,0.026886476,0.046341695,1.4695066
0.0335834099969361,0.049180890000000005,-0.025581710000000007,1.28635636,0.028135052,0.04829565,1.4470499,0.72983664,-0.6428431,-0.23257521,-0.5824759,-0.76284903,0.28068343,-0.35785517,-0.06938359,-0.9311958,0.74369633,-0.63876116,0.19723068,-0.63876116,-0.7557587,-0.3420764,0.19723068,0.14426701,-0.91874033,0.66788,-0.61706,-0.41614,-0.68361,-0.72969,-0.01516,-0.2943,0.2946,-0.90917,0.02830141,0.04803787,1.4467783
0.05037750498740934,0.05265217999999999,-0.026259510000000014,1.23358973,0.02956542,0.0490079,1.4240117,0.75555134,-0.6501208,0.08053025,-0.5730529,-0.71548533,-0.39961365,0.31741536,0.25578055,-0.9131395,0.74252826,-0.659168,-0.11895076,-0.659168,-0.7303295,0.33657584,-0.11895076,-0.17921032,-0.9341132,0.64499,-0.63948,-0.41839,-0.70276,-0.71142,0.00398,-0.3002,0.29146,-0.90826,0.029470958,0.04928385,1.4233465
0.06717697100248188,0.053447560000000005,-0.026270039999999995,1.20579875,0.0292162,0.048174005,1.3594345,0.7074919,-0.6716927,-0.21973646,-0.6145735,-0.73826295,0.27796993,-0.34893367,-0.06161726,-0.93511957,0.72278374,-0.6672867,0.17975567,-0.6672867,-0.7309466,-0.3443581,0.17975567,0.14298776,-0.92146915,0.62778,-0.65331,-0.42318,-0.7122,-0.70148,0.02642,-0.31411,0.2848,-0.90566,0.029374277,0.04788805,1.3588686
0.08398163598030806,0.05403670999999999,-0.026020460000000023,1.1490469700000001,0.030996785,0.046343513,1.2852229,0.68594104,-0.67456526,0.27284908,-0.5965198,-0.73602927,-0.32003906,0.41671214,0.05676803,-0.90726423,0.6661871,-0.67524827,-0.31659836,-0.67524827,-0.7370458,0.2549214,-0.31659836,0.028340561,-0.91366327,0.59679,-0.67785,-0.42937,-0.72141,-0.68755,0.08273,-0.35129,0.26038,-0.89933,0.030723747,0.04657987,1.2847127
0.10077519799233414,0.0536827,-0.026368360000000007,1.09341981,0.03115683,0.046060722,1.2492048,0.6672232,-0.6967372,0.26338285,-0.62022614,-0.71549875,-0.32152927,0.4124715,0.051174864,-0.90953195,0.6470898,-0.697119,-0.30870688,-0.697119,-0.7160616,0.25473633,-0.30870688,0.03579016,-0.91641116,0.57012,-0.67556,-0.46753,-0.72331,-0.6826,0.10429,-0.38959,0.27871,-0.8778,0.030884076,0.04630685,1.2487359
0.11760286599746905,0.05324860000000001,-0.02632979000000002,1.0655504100000002,0.030497622,0.044781968,1.1947472,0.6179601,-0.703689,-0.35063824,-0.6814231,-0.70183754,0.20757301,-0.3921579,0.110661194,-0.91321754,0.638544,-0.70708805,0.3037894,-0.70708805,-0.7067905,-0.2758374,0.3037894,-0.021763174,-0.91193515,0.55832,-0.682,-0.4724,-0.72245,-0.67961,0.12731,-0.40787,0.27021,-0.87214,0.030810023,0.04455117,1.1947472
0.1343755970010534,0.05234657000000001,-0.025666000000000022,1.01069976,0.02954059,0.044601798,1.1403457,0.6077114,-0.68838036,-0.39600432,-0.68944657,-0.7047932,0.16712263,-0.3941451,0.1714615,-0.9029123,0.62847954,-0.6948493,0.34956807,-0.6948493,-0.71462756,-0.23771632,0.34956807,-0.08057195,-0.90625226,0.54094,-0.70754,-0.45472,-0.71996,-0.66904,0.18453,-0.43479,0.22756,-0.87131,0.029896466,0.044380266,1.139809
0.1511719139816705,0.050163450000000026,-0.02496508,0.96118549,0.028165301,0.04369114,1.071343,0.5869539,-0.6998096,-0.4071261,-0.68573767,-0.6970413,0.20951684,-0.4304056,0.15620498,-0.88901687,0.61035585,-0.7055871,0.36001757,-0.7055871,-0.70591474,-0.2818693,0.36001757,-0.061897207,-0.8893464,0.54043,-0.70231,-0.46336,-0.69131,-0.68455,0.23126,-0.47961,0.19535,-0.85546,0.028563246,0.04343625,1.071343
0.16793562399107032,0.04909635000000001,-0.024161850000000012,0.93718363,0.027371103,0.04353469,1.0264308,0.57837427,-0.685619,-0.44205186,-0.6923086,-0.6991556,0.17857827,-0.4314997,0.20275123,-0.87903357,0.6019149,-0.69381064,0.39537996,-0.69381064,-0.7122385,-0.25311843,0.39537996,-0.10650413,-0.88295287,0.55068,-0.71313,-0.43381,-0.6854,-0.68294,0.25262,-0.47642,0.15822,-0.86487,0.027805893,0.043280065,1.025883
0.18476364298840053,0.04727437000000001,-0.023437980000000025,0.89378919,0.025366876,0.042888965,0.9827742,0.55395067,-0.6878791,-0.46900004,-0.7123554,-0.683187,0.16064031,-0.43091586,0.2451079,-0.86846626,0.5767968,-0.6979894,0.424401,-0.6979894,-0.7002326,-0.235832,0.424401,-0.14995034,-0.8742237,0.54997,-0.71516,-0.43136,-0.66652,-0.68706,0.2893,-0.50327,0.1284,-0.85453,0.025852667,0.042653747,0.9824139
0.20156509598018602,0.04486114000000002,-0.02222789,0.8546175600000001,0.023788257,0.0427671,0.9525744,0.5359353,-0.6980921,-0.47480604,-0.70859444,-0.67768645,0.1965578,-0.4589851,0.23110266,-0.85786027,0.55959755,-0.7071824,0.43213844,-0.7071824,-0.6940723,-0.2734685,0.43213844,-0.13474679,-0.8593436,0.51671,-0.72949,-0.44817,-0.66734,-0.67109,0.32295,-0.53635,0.1322,-0.83357,0.024285184,0.042477034,0.9520084
0.21836045099189505,0.04351916,-0.02183131000000002,0.8363269600000001,0.022333752,0.04069452,0.88703024,0.5367124,-0.6764356,0.5043557,-0.69125015,-0.69527364,-0.19689533,0.48385224,-0.2429598,-0.8407482,0.5137155,-0.66204214,-0.54570746,-0.66204214,-0.6687609,0.120725654,-0.54570746,0.33831802,-0.8292338,0.50682,-0.73515,-0.45021,-0.66943,-0.66468,0.33176,-0.54314,0.13324,-0.829,0.021713197,0.040875953,0.8869184
0.23515514499740675,0.19,0.143,1.564,0.020220313,0.040884197,0.8908201,0.5660937,-0.6784336,0.46825826,-0.69623876,-0.69762254,-0.16903962,0.4413497,-0.2303273,-0.8672715,0.5472983,-0.66609025,-0.50674284,-0.66609025,-0.67239326,0.09037866,-0.50674284,0.32281741,-0.8573467,0.0,0.0,0.0,0.0,0.0,0.0,0.0,0.0,0.0,0.019628383,0.041036583,0.89072645
0.251980506000109,0.19,0.143,1.564,0.017465245,0.0394609,0.8421092,0.5311976,-0.64187366,-0.55301654,-0.7508033,-0.65907276,0.043789886,-0.39258572,0.39194557,-0.83201873,0.54837865,-0.65623105,0.5183065,-0.65623105,-0.6913371,-0.12179086,0.5183065,-0.30234715,-0.8464782,0.0,0.0,0.0,0.0,0.0,0.0,0.0,0.0,0.0,0.018121678,0.039333247,0.84157705
0.26872816699324176,0.19,0.143,1.564,0.015348024,0.039024588,0.8213595,0.52195823,-0.652976,0.54880047,-0.6908038,-0.70102316,-0.1770781,0.5003496,-0.28668606,-0.8169831,0.5046346,-0.6409347,-0.5784,-0.6409347,-0.66975677,0.100219585,-0.5784,0.37500468,-0.80957365,0.0,0.0,0.0,0.0,0.0,0.0,0.0,0.0,0.0,0.0146490205,0.03919202,0.82127625
0.28572378400713205,0.19,0.143,1.564,0.0130189005,0.03703232,0.7603317,0.48384818,-0.6551,0.58028865,-0.69832325,-0.68865895,-0.19517533,0.52748036,-0.31079385,-0.79067796,0.4674002,-0.64347595,-0.60619783,-0.64347595,-0.65464187,0.119353645,-0.60619783,0.39671496,-0.78630716,0.0,0.0,0.0,0.0,0.0,0.0,0.0,0.0,0.0,0.012248454,0.03722972,0.7602021
0.30232114699902013,0.19,0.143,1.564,0.009628991,0.037845574,0.7725109,0.51438755,-0.66817147,-0.5375429,-0.73189026,-0.66873515,0.13088161,-0.44692516,0.32609853,-0.8330172,0.52629185,-0.6752953,0.5167138,-0.6752953,-0.69654447,-0.21219155,0.5167138,-0.24249128,-0.82944655,0.0,0.0,0.0,0.0,0.0,0.0,0.0,0.0,0.0,0.01033166,0.037589528,0.7719957
0.31916881998768076,0.19,0.143,1.564,0.0067946985,0.037406277,0.7447366,0.4969948,-0.6450131,-0.58047765,-0.72076625,-0.67934936,0.1377696,-0.48321033,0.3499179,-0.8025368,0.5063914,-0.6506793,0.56584823,-0.6506793,-0.71011645,-0.2172063,0.56584823,-0.26898164,-0.79538494,0.0,0.0,0.0,0.0,0.0,0.0,0.0,0.0,0.0,0.007559526,0.037147403,0.7443254
0.3361573090078309,0.19,0.143,1.564,0.004558086,0.037974156,0.732161,0.4779032,-0.6470313,-0.5941035,-0.7341685,-0.66555697,0.13427751,-0.48229152,0.3720005,-0.79310185,0.48499823,-0.6515961,0.58326596,-0.6515961,-0.70018995,-0.21650131,0.58326596,-0.29181588,-0.7828972,0.0,0.0,0.0,0.0,0.0,0.0,0.0,0.0,0.0,0.005349163,0.03773282,0.73206407
0.35281708199181594,0.19,0.143,1.564,0.0033026547,0.03896171,0.72294754,0.49596268,-0.63884926,-0.5881264,-0.736915,-0.6679229,0.104092814,-0.45932272,0.381773,-0.8020424,0.5002403,-0.64180255,0.58124787,-0.64180255,-0.7047617,-0.1898922,0.58124787,-0.30232507,-0.79125965,0.0,0.0,0.0,0.0,0.0,0.0,0.0,0.0,0.0,0.004103799,0.038702562,0.72190124
0.36957532598171383,0.19,0.143,1.564,0.0014399748,0.03890083,0.700636,0.48212883,-0.620394,-0.6185977,-0.73909813,-0.66714215,0.09303378,-0.4704102,0.41235012,-0.7801805,0.48484552,-0.6223842,0.61446136,-0.6223842,-0.7084631,-0.17891361,0.61446136,-0.3327431,-0.76839256,0.0,0.0,0.0,0.0,0.0,0.0,0.0,0.0,0.0,0.0022916265,0.038712543,0.700636
0.386312007001834,0.19,0.143,1.564,0.0008707113,0.04018456,0.6975725,0.50305414,-0.6406969,-0.580038,-0.7257104,-0.6776156,0.11908631,-0.469341,0.36103272,-0.8058377,0.5041835,-0.6414067,0.5782702,-0.6414067,-0.7146841,-0.21139938,0.5782702,-0.2789695,-0.78798085,0.0,0.0,0.0,0.0,0.0,0.0,0.0,0.0,0.0,0.0016965828,0.039884057,0.6964627
0.4031257799942978,0.19,0.143,1.564,-7.75772e-06,0.04028569,0.6844926,0.4835714,-0.6409776,-0.59607583,-0.7254924,-0.6745064,0.13675466,-0.48971364,0.36631784,-0.7911964,0.4839881,-0.6412325,0.5954632,-0.6412325,-0.71319,-0.22973102,0.5954632,-0.28316227,-0.7698358,0.0,0.0,0.0,0.0,0.0,0.0,0.0,0.0,0.0,0.00084057543,0.03998037,0.6837583
0.4199703549966216,0.19,0.143,1.564,-0.0008438674,0.041471984,0.6805974,0.49201182,-0.6483237,-0.5810342,-0.7119063,-0.68377465,0.16013002,-0.5011125,0.33485603,-0.79797095,0.4903483,-0.64742416,0.5834385,-0.64742416,-0.71920055,-0.2548221,0.5834385,-0.25217554,-0.7711454,0.0,0.0,0.0,0.0,0.0,0.0,0.0,0.0,0.0,-3.336324e-06,0.041120302,0.6797475
0.4366993859875947,0.19,0.143,1.564,-0.00083728315,0.04292758,0.6904644,0.4989874,-0.6575575,-0.564473,-0.710892,-0.683105,0.16733238,-0.49562496,0.31778258,-0.80831313,0.49743763,-0.6567649,0.56675893,-0.6567649,-0.71724004,-0.2657829,0.56675893,-0.23286602,-0.77983576,0.0,0.0,0.0,0.0,0.0,0.0,0.0,0.0,0.0,-2.2404576e-05,0.042553775,0.6894758
0.4535179559898097,0.19,0.143,1.564,-0.0005437203,0.043658793,0.69251865,0.48920533,-0.67104125,-0.5571192,-0.6925142,-0.6871709,0.21959105,-0.53019077,0.2783878,-0.8008733,0.48849797,-0.67075086,0.5580888,-0.67075086,-0.7166564,-0.3180344,0.5580888,-0.1910417,-0.7664144,0.0,0.0,0.0,0.0,0.0,0.0,0.0,0.0,0.0,0.0002455387,0.043245643,0.6920197
0.47036051499890164,0.19,0.143,1.564,2.5984109e-05,0.044505365,0.7020012,0.49556053,-0.65701675,-0.5681098,-0.7113851,-0.682296,0.16853346,-0.49834836,0.32062632,-0.8055108,0.4958865,-0.65718293,0.567633,-0.65718293,-0.7174157,-0.26932263,0.567633,-0.23113914,-0.77798337,0.0,0.0,0.0,0.0,0.0,0.0,0.0,0.0,0.0,0.0008263899,0.044153344,0.7013362
0.48710228700656444,0.19,0.143,1.564,0.00061983435,0.045120783,0.7019158,0.49504095,-0.6797739,-0.54114866,-0.6905084,-0.6858338,0.2298481,-0.5273828,0.25988346,-0.8089054,0.4963336,-0.68026006,0.53935075,-0.68026006,-0.7134234,-0.33187258,0.53935075,-0.1681467,-0.77392596,0.0,0.0,0.0,0.0,0.0,0.0,0.0,0.0,0.0,0.0013804381,0.04467739,0.70120025
0.5039329979917966,0.19,0.143,1.564,0.0014823223,0.044847738,0.70221543,0.50579643,-0.66783774,-0.54604274,-0.6794824,-0.6984083,0.2247877,-0.5314825,0.25732958,-0.80703646,0.50789726,-0.66861296,0.54313636,-0.66861296,-0.725215,-0.3252943,0.54313636,-0.16437723,-0.7740714,0.0,0.0,0.0,0.0,0.0,0.0,0.0,0.0,0.0,0.0022470884,0.04439689,0.7012336
0.5208605479856487,0.19,0.143,1.564,0.0023660045,0.04492386,0.7082973,0.49843007,-0.6620897,-0.5596469,-0.69520104,-0.690935,0.1982533,-0.5179411,0.2902517,-0.80466825,0.502212,-0.6637418,0.55428326,-0.6637418,-0.72154045,-0.2976116,0.55428326,-0.19704348,-0.7773014,0.0,0.0,0.0,0.0,0.0,0.0,0.0,0.0,0.0,0.0031424086,0.044557374,0.7079939
0.5375304810004309,0.19,0.143,1.564,0.0036660633,0.04619296,0.72808063,0.51160705,-0.6803796,-0.5247302,-0.68950117,-0.68949854,0.22176555,-0.5126855,0.24834524,-0.82187486,0.517152,-0.68239975,0.51660854,-0.68239975,-0.71472424,-0.32318318,0.51660854,-0.15329656,-0.792886,0.0,0.0,0.0,0.0,0.0,0.0,0.0,0.0,0.0,0.0043863407,0.045797303,0.72781634
0.5543465759838,0.19,0.143,1.564,0.0055098156,0.046025403,0.73540187,0.51544654,-0.6620551,-0.5440569,-0.69520473,-0.69427466,0.18620707,-0.5010043,0.28225115,-0.8181253,0.5237213,-0.6656293,0.5316518,-0.6656293,-0.7234985,-0.28763533,0.5316518,-0.182996,-0.79662555,0.0,0.0,0.0,0.0,0.0,0.0,0.0,0.0,0.0,0.006242385,0.0456552,0.7346961
0.5710595200071111,0.19,0.143,1.564,0.006583393,0.045787416,0.750759,0.5129321,-0.6880747,-0.51327753,-0.6849021,-0.6884907,0.23851573,-0.51750344,0.22920246,-0.82441276,0.5223502,-0.69115037,0.49946123,-0.69115037,-0.7105693,-0.33769706,0.49946123,-0.13191833,-0.797809,0.0,0.0,0.0,0.0,0.0,0.0,0.0,0.0,0.0,0.007256327,0.04532161,0.74951327
0.587928508000914,0.19,0.143,1.564,0.007067116,0.04582296,0.76693183,0.53688204,-0.69069403,-0.48445785,-0.68398136,-0.6925161,0.22932725,-0.4938898,0.20823845,-0.8442213,0.5466324,-0.69365114,0.46908537,-0.69365114,-0.7115712,-0.32838365,0.46908537,-0.111868456,-0.81983113,0.0,0.0,0.0,0.0,0.0,0.0,0.0,0.0,0.0,0.007709222,0.04541542,0.7664551
0.604694929003017,0.19,0.143,1.564,0.007397159,0.04471099,0.7696713,0.5255684,-0.6798144,-0.511498,-0.6863747,-0.69405824,0.21719326,-0.5026605,0.23692934,-0.8313825,0.5354614,-0.6833205,0.49634072,-0.6833205,-0.71602404,-0.31215215,0.49634072,-0.14276782,-0.810066,0.0,0.0,0.0,0.0,0.0,0.0,0.0,0.0,0.0,0.008059545,0.04429954,0.76866883
0.6215297819871921,0.19,0.143,1.564,0.007520533,0.044379484,0.78032756,0.5331979,-0.689783,-0.4897953,-0.68183607,-0.69311446,0.233863,-0.50079894,0.20926486,-0.8398861,0.5429329,-0.69277143,0.47464883,-0.69277143,-0.7114906,-0.32699904,0.47464883,-0.1176811,-0.81717813,0.0,0.0,0.0,0.0,0.0,0.0,0.0,0.0,0.0,0.008153747,0.043965634,0.7796026
0.6382903170015197,0.19,0.143,1.564,0.008150821,0.044675276,0.80976385,0.5405732,-0.6756118,-0.5013276,-0.703331,-0.68990135,0.17135233,-0.46163425,0.25997075,-0.84812087,0.5505834,-0.67995584,0.48427057,-0.67995584,-0.7136513,-0.26460817,0.48427057,-0.1684099,-0.83394516,0.0,0.0,0.0,0.0,0.0,0.0,0.0,0.0,0.0,0.00878325,0.044352822,0.80905724
0.6550977230072021,0.19,0.143,1.564,0.008029103,0.044345945,0.827726,0.5387851,-0.7046999,-0.46163693,-0.6918618,-0.68278474,0.23480247,-0.48066393,0.1928809,-0.85542923,0.54833275,-0.70748466,0.44586623,-0.70748466,-0.69882643,-0.32565096,0.44586623,-0.10539013,-0.8337594,0.0,0.0,0.0,0.0,0.0,0.0,0.0,0.0,0.0,0.008595672,0.04392089,0.82647043
0.6719025030033663,0.19,0.143,1.564,0.0074750944,0.04256632,0.83925354,0.54700786,-0.71543324,-0.43466964,-0.6855009,-0.68084425,0.25795275,-0.4804903,0.15686426,-0.8628573,0.55641097,-0.7175689,0.41892928,-0.7175689,-0.6925217,-0.34402004,0.41892928,-0.07422029,-0.8403264,0.0,0.0,0.0,0.0,0.0,0.0,0.0,0.0,0.0,0.008016305,0.042183835,0.83925354
0.6887986850051675,0.19,0.143,1.564,0.007433037,0.04141548,0.8377383,0.54593813,-0.68561685,-0.48154032,-0.6970532,-0.6905679,0.1929581,-0.46483162,0.23031601,-0.8549188,0.5541579,-0.6887906,0.4674147,-0.6887906,-0.70917106,-0.27575734,0.4674147,-0.15047897,-0.8399294,0.0,0.0,0.0,0.0,0.0,0.0,0.0,0.0,0.0,0.008026103,0.0410793,0.8369342
0.7056176709884312,0.19,0.143,1.564,0.0072442843,0.041193277,0.85454154,0.5441988,-0.68657404,-0.48214495,-0.6954393,-0.6906236,0.19850248,-0.4692673,0.22727774,-0.8533071,0.55239123,-0.6896855,0.46818566,-0.6896855,-0.70843446,-0.27840903,0.46818566,-0.1498482,-0.83862424,0.0,0.0,0.0,0.0,0.0,0.0,0.0,0.0,0.0,0.007831018,0.040894665,0.85447705
0.7223239830054808,0.19,0.143,1.564,0.0070242113,0.041196935,0.9088549,0.578854,-0.7002905,-0.4177574,-0.69095653,-0.69329,0.20476347,-0.43302092,0.17012404,-0.885184,0.58589566,-0.70232844,0.40430322,-0.70232844,-0.70540464,-0.28474745,0.40430322,-0.095598556,-0.8691707,0.0,0.0,0.0,0.0,0.0,0.0,0.0,0.0,0.0,0.007514121,0.04086753,0.90811056
0.739089676993899,0.19,0.143,1.564,0.0062066554,0.039229706,0.89648485,0.57107353,-0.72116214,-0.39217368,-0.65424824,-0.68839127,0.31317204,-0.49581674,0.07773468,-0.86494106,0.5780121,-0.72173893,0.3807819,-0.72173893,-0.6921121,-0.38666156,0.3807819,-0.008586316,-0.8399393,0.0,0.0,0.0,0.0,0.0,0.0,0.0,0.0,0.0,0.006665217,0.038809292,0.896394
0.7558867789921351,0.19,0.143,1.564,0.006575046,0.038624812,0.9452856,0.5710478,-0.72898865,-0.37746528,-0.6710054,-0.6793887,0.2969558,-0.47292304,0.08370531,-0.8771187,0.57776225,-0.7296804,0.36572844,-0.7296804,-0.68354076,-0.36739853,0.36572844,-0.018398205,-0.855138,0.0,0.0,0.0,0.0,0.0,0.0,0.0,0.0,0.0,0.006997288,0.038224246,0.9448022
0.772711130004609,0.19,0.143,1.564,0.007053572,0.03725936,0.9486457,0.58017296,-0.701909,0.41318643,-0.6502837,-0.7046388,-0.28392825,0.490439,-0.1039609,-0.8652524,0.57311857,-0.6998537,-0.42630962,-0.6998537,-0.69397086,0.2158161,-0.42630962,0.16914271,-0.87845516,0.0,0.0,0.0,0.0,0.0,0.0,0.0,0.0,0.0,0.0065656295,0.037515435,0.9478517
0.7894532769860234,0.19,0.143,1.564,0.0061166887,0.037188128,0.9898301,0.59869945,-0.7312314,-0.32689393,-0.666631,-0.68114305,0.302733,-0.44402942,0.036671534,-0.89526147,0.6042337,-0.73131293,0.31635904,-0.73131293,-0.6816548,-0.3688711,0.31635904,0.022981256,-0.87398577,0.0,0.0,0.0,0.0,0.0,0.0,0.0,0.0,0.0,0.006473296,0.03679629,0.9893931
0.8062533129996154,0.19,0.143,1.564,0.0054216674,0.036321178,1.0120548,0.6127697,-0.7141821,-0.33831525,-0.6790828,-0.6948227,0.2367867,-0.40417793,0.08464836,-0.9107551,0.61713064,-0.71475786,0.32904553,-0.71475786,-0.69883096,-0.301323,0.32904553,-0.027503299,-0.8949489,0.0,0.0,0.0,0.0,0.0,0.0,0.0,0.0,0.0,0.0057914257,0.036005106,1.0116129
0.8232128719973844,0.19,0.143,1.564,0.0051352005,0.035065874,1.0364102,0.6110029,-0.71482736,-0.34014305,-0.67723525,-0.6944888,0.24297674,-0.40991196,0.08189736,-0.90844095,0.61546516,-0.715393,0.33078003,-0.715393,-0.69820255,-0.30445212,0.33078003,-0.026944876,-0.89324886,0.0,0.0,0.0,0.0,0.0,0.0,0.0,0.0,0.0,0.0054977424,0.03475659,1.0360683
0.8400239720067475,0.19,0.143,1.564,0.003504105,0.03426067,1.0503039,0.6196746,-0.72453284,-0.30175412,-0.66846204,-0.6886842,0.28084254,-0.41129294,0.02768018,-0.9110828,0.62268066,-0.7245523,0.29545352,-0.7245523,-0.6888648,-0.33943614,0.29545352,0.02212047,-0.89302313,0.0,0.0,0.0,0.0,0.0,0.0,0.0,0.0,0.0,0.0038246405,0.033927403,1.0503039
0.856791083002463,0.19,0.143,1.564,0.0027694306,0.03330534,1.0903742,0.64408374,-0.71663415,-0.2675661,-0.6731764,-0.6971258,0.24667627,-0.3633039,0.021239026,-0.93142855,0.6461572,-0.71662223,0.26255187,-0.71662223,-0.69699,-0.3036435,0.26255187,0.025642594,-0.9158969,0.0,0.0,0.0,0.0,0.0,0.0,0.0,0.0,0.0,0.003048974,0.033002388,1.090005
0.8735783039883245,0.19,0.143,1.564,0.0009790894,0.03151497,1.0903193,0.6446471,-0.7166346,-0.26620477,-0.6725506,-0.69718903,0.24819975,-0.36346358,0.019034946,-0.93141395,0.645466,-0.71663004,0.26422518,-0.71663004,-0.69706726,-0.30213472,0.26422518,0.023207981,-0.91591465,0.0,0.0,0.0,0.0,0.0,0.0,0.0,0.0,0.0,0.0012594329,0.031212617,1.0899501
0.8903870579961222,0.19,0.143,1.564,-0.0007957457,0.030512642,1.1017765,0.6517781,-0.72391695,-0.22611849,-0.6612722,-0.6884396,0.29794282,-0.3713548,-0.04466672,-0.927416,0.65129936,-0.7239945,0.22724688,-0.7239945,-0.68496,-0.34855175,0.22724688,0.08161943,-0.9093242,0.0,0.0,0.0,0.0,0.0,0.0,0.0,0.0,0.0,-0.0005595547,0.030175583,1.1017765
0.9072044439963065,0.19,0.143,1.564,-0.0026549431,0.029534178,1.1157097,0.62412286,-0.7328546,-0.27091467,-0.6533396,-0.6796733,0.33345386,-0.42850667,-0.031116895,-0.9030026,0.62130576,-0.7331467,0.2765412,-0.7331467,-0.67727524,-0.37964636,0.2765412,0.061596952,-0.8828327,0.0,0.0,0.0,0.0,0.0,0.0,0.0,0.0,0.0,-0.0023800863,0.029168423,1.115348
0.9238853379793,0.19,0.143,1.564,-0.00358253,0.027508175,1.1256734,0.63005805,-0.739371,-0.23739693,-0.6389199,-0.6673315,0.38268793,-0.44137082,-0.08943801,-0.8928565,0.62723494,-0.74000704,0.24282897,-0.74000704,-0.6623172,-0.42551702,0.24282897,0.11715592,-0.8717622,0.0,0.0,0.0,0.0,0.0,0.0,0.0,0.0,0.0,-0.0033472457,0.027112002,1.1256734
0.9406789779895917,0.19,0.143,1.564,-0.00543065,0.025660843,1.1256515,0.6307711,-0.73919934,-0.23603429,-0.63818425,-0.6672218,0.38410404,-0.44141668,-0.09164837,-0.8926096,0.62644106,-0.74017376,0.24436527,-0.74017376,-0.662551,-0.42403767,0.24436527,0.11475646,-0.87205374,0.0,0.0,0.0,0.0,0.0,0.0,0.0,0.0,0.0,-0.0051952545,0.025264706,1.1256515
0.9574911599920597,0.19,0.143,1.564,-0.0065477584,0.024522385,1.1610867,0.6505986,-0.7244722,-0.2277312,-0.6560007,-0.6872125,0.31209302,-0.38260248,-0.05365546,-0.92235374,0.64616704,-0.725182,0.23786388,-0.725182,-0.6845247,-0.35046396,0.23786388,0.07441114,-0.9058674,0.0,0.0,0.0,0.0,0.0,0.0,0.0,0.0,0.0,-0.0063186144,0.0241962,1.1610867
0.9910859639931004,0.19,0.143,1.564,-0.008304252,0.022912467,1.1695299,0.65033954,-0.7312367,0.20579457,-0.6247931,-0.66898096,-0.40261403,0.4320788,0.1332568,-0.8919364,0.65634483,-0.72942036,-0.19276245,-0.72942036,-0.6738387,0.36776003,-0.19276245,-0.11784479,-0.90972257,0.0,0.0,0.0,0.0,0.0,0.0,0.0,0.0,0.0,-0.008492121,0.023272762,1.168977
1.0078630349889863,0.19,0.143,1.564,-0.00904696,0.022551084,1.1820962,0.68244916,-0.7174335,-0.13982932,-0.6469033,-0.6818932,0.3413763,-0.3402635,-0.14251593,-0.92946756,0.6767326,-0.71982676,0.15453938,-0.71982676,-0.6760997,-0.37698582,0.15453938,0.15728517,-0.9132356,0.0,0.0,0.0,0.0,0.0,0.0,0.0,0.0,0.0,-0.008897823,0.022186805,1.181346
1.0247015409986489,0.19,0.143,1.564,-0.010322246,0.021606393,1.1562828,0.64973193,-0.7208492,-0.24129832,-0.6155936,-0.68518215,0.38931978,-0.44597414,-0.104411766,-0.8889349,0.6415589,-0.7228036,0.25682127,-0.7228036,-0.68108064,-0.421897,0.25682127,0.11697929,-0.8695089,0.0,0.0,0.0,0.0,0.0,0.0,0.0,0.0,0.0,-0.010085437,0.021220697,1.1562828
1.0414996719919145,0.19,0.143,1.564,-0.010322246,0.021606393,1.1562828,0.64973193,-0.7208492,-0.24129832,-0.6155936,-0.68518215,0.38931978,-0.44597414,-0.104411766,-0.8889349,0.6415589,-0.7228036,0.25682127,-0.7228036,-0.68108064,-0.421897,0.25682127,0.11697929,-0.8695089,0.0,0.0,0.0,0.0,0.0,0.0,0.0,0.0,0.0,-0.010085437,0.021220697,1.1562828
1.0582896120031364,0.19,0.143,1.564,-0.010857258,0.022302885,1.18818,0.63980824,-0.72323835,0.2599457,-0.59552133,-0.68035567,-0.42716566,0.48579812,0.11850088,-0.866001,0.64813036,-0.7212461,-0.2443994,-0.7212461,-0.6845243,0.3946353,-0.2443994,-0.10597412,-0.8857381,0.0,0.0,0.0,0.0,0.0,0.0,0.0,0.0,0.0,-0.011080389,0.022662634,1.1871732
1.0750679890043102,0.19,0.143,1.564,-0.009972458,0.023410704,1.1750702,0.67913854,-0.71304613,-0.1741725,-0.60635823,-0.6787274,0.4143173,-0.413643,-0.17576793,-0.8933113,0.67225784,-0.7159782,0.18826729,-0.7159782,-0.67130005,-0.4500215,0.18826729,0.19165449,-0.8729468,0.0,0.0,0.0,0.0,0.0,0.0,0.0,0.0,0.0,-0.009799059,0.0229972,1.174697
1.091860338987317,0.19,0.143,1.564,-0.010939583,0.025345033,1.1753625,0.6797869,-0.7127487,-0.17285547,-0.6070165,-0.67905843,0.41280824,-0.4116075,-0.17569551,-0.89426523,0.6714875,-0.7162815,0.18985629,-0.7162815,-0.67107034,-0.45124963,0.18985629,0.19132547,-0.8719681,0.0,0.0,0.0,0.0,0.0,0.0,0.0,0.0,0.0,-0.010760859,0.024919791,1.1744627
1.1086505809798837,0.19,0.143,1.564,-0.010939636,0.027273552,1.1753614,0.67977774,-0.7127589,-0.17284973,-0.60766983,-0.6793219,0.41141117,-0.41065755,-0.17463258,-0.89491,0.67147774,-0.71629244,0.18984932,-0.71629244,-0.67072934,-0.4527485,0.18984932,0.19247654,-0.87119234,0.0,0.0,0.0,0.0,0.0,0.0,0.0,0.0,0.0,-0.010760923,0.026846781,1.1744616
1.1254342909960542,0.19,0.143,1.564,-0.011796178,0.029666312,1.2156403,0.6822363,-0.7175123,-0.14046235,-0.6467831,-0.6818678,0.3416547,-0.3409182,-0.14224055,-0.92926985,0.67523205,-0.72044104,0.1581972,-0.72044104,-0.67450094,-0.3862645,0.1581972,0.16128609,-0.90872073,0.0,0.0,0.0,0.0,0.0,0.0,0.0,0.0,0.0,-0.011654972,0.029322144,1.2156403
1.1422615479968954,0.19,0.143,1.564,-0.011740401,0.03249412,1.2084525,0.67893,-0.7129474,-0.17538552,-0.6061381,-0.6790774,0.41406575,-0.41430745,-0.17481379,-0.8931906,0.6705023,-0.7165357,0.1923624,-0.7165357,-0.669136,-0.46110088,0.1923624,0.1970625,-0.86624634,0.0,0.0,0.0,0.0,0.0,0.0,0.0,0.0,0.0,-0.0115729645,0.032095607,1.2084525
1.159087265987182,0.19,0.143,1.564,-0.010997275,0.03488987,1.2015982,0.68676835,-0.69197917,0.2225176,-0.57919264,-0.7059273,-0.40767944,0.43918693,0.15110078,-0.88559777,0.6941092,-0.68957055,-0.20665152,-0.68957055,-0.7139123,0.3550804,-0.20665152,-0.12174439,-0.9117089,0.0,0.0,0.0,0.0,0.0,0.0,0.0,0.0,0.0,-0.011195423,0.035238273,1.2013143
1.1758617000014056,0.19,0.143,1.564,-0.011740626,0.038442954,1.2084581,0.6789058,-0.7129809,-0.1753429,-0.60809135,-0.67984205,0.40992644,-0.4114752,-0.17167692,-0.89510626,0.6704764,-0.71657264,0.19231501,-0.71657264,-0.66805816,-0.46560997,0.19231501,0.20055397,-0.8638416,0.0,0.0,0.0,0.0,0.0,0.0,0.0,0.0,0.0,-0.011573258,0.038044263,1.2084581
1.1926805810071528,0.19,0.143,1.564,-0.011521858,0.04338731,1.2371289,0.6742271,-0.7099619,-0.20340095,-0.62337804,-0.69477564,0.3587292,-0.3960021,-0.115069285,-0.9110112,0.6660492,-0.7125151,0.22068234,-0.7125151,-0.6855443,-0.42121023,0.22068234,0.14950323,-0.8797052,0.0,0.0,0.0,0.0,0.0,0.0,0.0,0.0,0.0,-0.011326834,0.043022916,1.2368051
1.2095617979939561,0.19,0.143,1.564,-0.011564075,0.0471891,1.2431982,0.67800397,-0.71322834,-0.17780888,-0.60757995,-0.6799237,0.4105488,-0.41371152,-0.17032062,-0.8943342,0.66948193,-0.7168685,0.19466244,-0.7168685,-0.6654841,-0.4774019,0.19466244,0.20791942,-0.85685116,0.0,0.0,0.0,0.0,0.0,0.0,0.0,0.0,0.0,-0.011390946,0.046760626,1.2422199
1.2262649269832764,0.19,0.143,1.564,-0.010887209,0.050801795,1.2199844,0.6852725,-0.6804466,-0.25960344,-0.579026,-0.72524476,0.37249017,-0.4417357,-0.10494015,-0.8909866,0.67695737,-0.6827207,0.27499303,-0.6827207,-0.71455264,-0.44484803,0.27499303,0.15266608,-0.85234326,0.0,0.0,0.0,0.0,0.0,0.0,0.0,0.0,0.0,-0.01064833,0.05043609,1.2199844
1.2431753060081974,0.19,0.143,1.564,-0.01088763,0.054807007,1.2200198,0.6852762,-0.68048525,-0.25949246,-0.58041066,-0.72551453,0.3698001,-0.43990907,-0.10280299,-0.8921388,0.67696095,-0.6827632,0.27487856,-0.6827632,-0.71395713,-0.44786352,0.27487856,0.1552403,-0.8507997,0.0,0.0,0.0,0.0,0.0,0.0,0.0,0.0,0.0,-0.010648902,0.05444114,1.2200198
1.2602564120024908,0.19,0.143,1.564,-0.010888313,0.060815636,1.2200803,0.68528575,-0.68054694,-0.2593054,-0.5824682,-0.7258988,0.36578912,-0.43716615,-0.09963292,-0.8938451,0.67697054,-0.6828313,0.27468583,-0.6828313,-0.713035,-0.4524035,0.27468583,0.15913059,-0.84845674,0.0,0.0,0.0,0.0,0.0,0.0,0.0,0.0,0.0,-0.010649837,0.060449503,1.2200803
1.2767660529934801,0.19,0.143,1.564,-0.010520237,0.0673935,1.2396414,0.7162954,-0.6709759,-0.19160424,-0.5712868,-0.7215628,0.39112476,-0.40068978,-0.1706999,-0.9001718,0.7092821,-0.67425734,0.20565979,-0.67425734,-0.69921404,-0.4868525,0.20565979,0.23764853,-0.848928,0.0,0.0,0.0,0.0,0.0,0.0,0.0,0.0,0.0,-0.010340806,0.06697828,1.2391462
1.2935622899967711,0.19,0.143,1.564,-0.010520648,0.07349805,1.2396784,0.7162977,-0.6710227,-0.19143185,-0.5731208,-0.72224253,0.38716695,-0.39805803,-0.16761321,-0.90191776,0.7092836,-0.67431045,0.2054803,-0.67431045,-0.69783634,-0.49145606,0.2054803,0.24151576,-0.84631485,0.0,0.0,0.0,0.0,0.0,0.0,0.0,0.0,0.0,-0.010341442,0.07308004,1.2391822
1.3102836319885682,0.19,0.143,1.564,-0.010521088,0.0796033,1.2397202,0.7163027,-0.67107195,-0.19124052,-0.5749313,-0.72289723,0.3832409,-0.39542946,-0.16456635,-0.9036335,0.70928794,-0.6743664,0.20528159,-0.6743664,-0.6964217,-0.49607787,0.20528159,0.24541141,-0.8436624,0.0,0.0,0.0,0.0,0.0,0.0,0.0,0.0,0.0,-0.01034213,0.07918245,1.2392231
1.3270723129971884,0.19,0.143,1.564,-0.009475352,0.08582205,1.2343681,0.71249837,-0.66810226,-0.21444203,-0.5936244,-0.7368851,0.32343537,-0.37410703,-0.10314916,-0.9216313,0.7057929,-0.6704738,0.22873834,-0.6704738,-0.7163466,-0.4472491,0.22873834,0.19316402,-0.86466587,0.0,0.0,0.0,0.0,0.0,0.0,0.0,0.0,0.0,-0.009272694,0.0854538,1.2341064
1.343924780987436,0.19,0.143,1.564,-0.008913069,0.09318993,1.2497526,0.73621804,-0.65925115,0.15287544,-0.5213425,-0.6965311,-0.4929973,0.43149155,0.28325304,-0.8564945,0.7417148,-0.65590084,-0.14019006,-0.65590084,-0.7314507,0.3607808,-0.14019006,-0.18647774,-0.92205423,0.0,0.0,0.0,0.0,0.0,0.0,0.0,0.0,0.0,-0.0090386495,0.093520686,1.2490653
1.3607149609888438,0.19,0.143,1.564,-0.008182269,0.10239288,1.2703983,0.71226484,-0.667504,-0.21706502,-0.5930042,-0.7377072,0.32269815,-0.37553272,-0.10112606,-0.92127556,0.70683,-0.66949147,0.228413,-0.66949147,-0.7125464,-0.46635863,0.228413,0.20990182,-0.8545976,0.0,0.0,0.0,0.0,0.0,0.0,0.0,0.0,0.0,-0.007983292,0.10199159,1.269727
1.3775272319908254,0.19,0.143,1.564,-0.006959134,0.10718813,1.2409469,0.73638105,-0.6514922,-0.18248533,-0.54366696,-0.7303435,0.41355124,-0.40270236,-0.20532006,-0.89200586,0.7313382,-0.6544356,0.19198565,-0.6544356,-0.68477905,-0.56061697,0.19198565,0.3206115,-0.8055123,0.0,0.0,0.0,0.0,0.0,0.0,0.0,0.0,0.0,-0.006794521,0.10670025,1.240159
1.3943231430021115,0.19,0.143,1.564,-0.0049219155,0.11534524,1.2410755,0.73578876,-0.65191823,-0.18335079,-0.54615206,-0.7313141,0.40853095,-0.4004158,-0.20045505,-0.89413923,0.7322278,-0.65400386,0.19005622,-0.65400386,-0.6821519,-0.56659305,0.19005622,0.32702866,-0.80177987,0.0,0.0,0.0,0.0,0.0,0.0,0.0,0.0,0.0,-0.004759268,0.1148517,1.2402872
1.4111709659919143,0.19,0.143,1.564,-0.0028858257,0.1216211,1.2377676,0.7328245,-0.65031224,-0.2001555,-0.56538135,-0.7456513,0.35263017,-0.37856594,-0.14525186,-0.91410595,0.73087656,-0.6512822,0.2040857,-0.6512822,-0.70347613,-0.523512,0.2040857,0.28452206,-0.8272147,0.0,0.0,0.0,0.0,0.0,0.0,0.0,0.0,0.0,-0.0027080218,0.121232174,1.2377676
1.4279496379895136,0.19,0.143,1.564,-0.0013427909,0.1303933,1.2487004,0.7595583,-0.635592,-0.13818093,-0.54905725,-0.74043036,0.38768417,-0.3487223,-0.2185995,-0.9113764,0.75834596,-0.6364703,0.14077264,-0.6364703,-0.67938834,-0.5677947,0.14077264,0.36515337,-0.811044,0.0,0.0,0.0,0.0,0.0,0.0,0.0,0.0,0.0,-0.0012216849,0.12989376,1.2479018
1.4446540549979545,0.19,0.143,1.564,0.0023041707,0.14240903,1.2833474,0.7586586,-0.6331203,-0.15360929,-0.56273043,-0.7556352,0.33518636,-0.3282859,-0.1678514,-0.9295452,0.7600198,-0.6322361,0.1504905,-0.6322361,-0.7000217,-0.5313493,0.1504905,0.3320349,-0.8336789,0.0,0.0,0.0,0.0,0.0,0.0,0.0,0.0,0.0,0.002433304,0.14195211,1.2826252
1.461460154998349,0.19,0.143,1.564,0.0044124452,0.15085438,1.283532,0.75823885,-0.63347363,-0.15422364,-0.5646815,-0.7563186,0.33032852,-0.32589665,-0.1633807,-0.931181,0.7608623,-0.63176,0.14821568,-0.63176,-0.6971363,-0.5378189,0.14821568,0.33894002,-0.8299295,0.0,0.0,0.0,0.0,0.0,0.0,0.0,0.0,0.0,0.004539427,0.15039189,1.282809
1.4782284859975334,0.03758243,-0.14048396999999999,1.19207678,0.00816449,0.1578812,1.289344,0.7821997,-0.6153787,-0.09732806,-0.5622765,-0.7645452,0.315144,-0.2683446,-0.19178024,-0.94404,0.78604454,-0.6120373,0.086858295,-0.6120373,-0.69469255,-0.53401864,0.086858295,0.37790555,-0.84099925,0.75022,-0.58599,-0.30624,-0.63501,-0.7676,-0.08685,-0.18418,0.25962,-0.94798,0.008239824,0.15743044,1.2887057
1.495051214005798,0.04240087000000001,-0.14879662000000002,1.1940945900000002,0.011529595,0.16159447,1.2523077,0.77927756,-0.6196492,-0.09360216,-0.551866,-0.74932075,0.3660087,-0.29693502,-0.23356652,-0.9258922,0.7857667,-0.6136102,0.07780181,-0.6136102,-0.6638346,-0.5896759,0.07780181,0.42755836,-0.80388385,0.7565,-0.58112,-0.30001,-0.62893,-0.77222,-0.09008,-0.17933,0.25683,-0.94967,0.011596302,0.16107972,1.2515694
1.5286508509889245,0.050948049999999995,-0.16064596,1.19761754,0.019185154,0.18050261,1.284681,0.7552628,-0.6356546,-0.15975398,-0.57185227,-0.75818664,0.31326988,-0.3202548,-0.14524542,-0.9361307,0.7666498,-0.62801063,0.13360657,-0.62801063,-0.6860038,-0.56018025,0.13360657,0.36742532,-0.81752515,0.76621,-0.57936,-0.27796,-0.62197,-0.77734,-0.09427,-0.16146,0.24512,-0.95595,0.019298654,0.18002091,1.2839563
1.5453705480031203,0.05640146999999998,-0.16782503000000001,1.20031075,0.023852639,0.18780708,1.2805984,0.7723206,-0.61260724,-0.16802734,-0.55126446,-0.7777923,0.30190495,-0.31563956,-0.14053991,-0.9384137,0.786576,-0.6026626,0.13452147,-0.6026626,-0.7013245,-0.5595435,0.13452147,0.38071203,-0.81781113,0.76781,-0.58055,-0.27098,-0.6206,-0.77901,-0.08948,-0.15915,0.23687,-0.95842,0.023981705,0.18743393,1.2806209
1.5622423469903879,0.19,0.143,1.564,0.028067775,0.19417207,1.281,0.7715489,-0.61316836,-0.1695194,-0.55284494,-0.77809167,0.298221,-0.3147613,-0.13637416,-0.9393228,0.78821343,-0.60145366,0.13028057,-0.60145366,-0.69866717,-0.5642577,0.13028057,0.3874502,-0.81525475,0.0,0.0,0.0,0.0,0.0,0.0,0.0,0.0,0.0,0.02819531,0.19379815,1.2810198
1.5790247109835036,0.06605289,-0.17997708999999998,1.2084763,0.031927083,0.19462919,1.2466166,0.76917166,-0.62046957,-0.15294611,-0.5267526,-0.7510961,0.39797777,-0.36181033,-0.22554843,-0.9045558,0.7903402,-0.6025752,0.11075002,-0.6025752,-0.6416043,-0.65616673,0.11075002,0.474602,-0.7464447,0.73214,-0.56779,-0.37629,-0.65276,-0.74268,-0.14942,-0.19462,0.35503,-0.91437,0.03201353,0.19405453,1.245797
1.5958401240059175,0.19,0.143,1.564,0.038378537,0.20717444,1.2898296,0.79765946,-0.600667,-0.054209013,-0.54839486,-0.75976855,0.34930623,-0.25100303,-0.24889946,-0.9354392,0.8159467,-0.57811874,0.0031076553,-0.57811874,-0.6382197,-0.6247735,0.0031076553,0.50838405,-0.78079987,0.0,0.0,0.0,0.0,0.0,0.0,0.0,0.0,0.0,0.038400453,0.20675908,1.2898296
1.6126142180000897,0.07818567,-0.19091516,1.2131704700000001,0.043901414,0.21125145,1.2825993,0.7688418,-0.61501896,-0.17502554,-0.55726707,-0.77868485,0.2882764,-0.3135852,-0.12410299,-0.9414153,0.79384553,-0.59701526,0.11568078,-0.59701526,-0.6913441,-0.57617337,0.11568078,0.4069596,-0.8090996,0.74282,-0.57103,-0.34948,-0.64002,-0.75886,-0.12045,-0.19643,0.31315,-0.92917,0.0440231,0.21087196,1.2825886
1.6294423259969335,0.08150216,-0.19357022999999998,1.21454512,0.04878274,0.21757129,1.2856128,0.7916166,-0.5995442,-0.11785533,-0.53496385,-0.77326286,0.34040892,-0.29522336,-0.20642501,-0.9328622,0.81777316,-0.5730751,0.053215735,-0.5730751,-0.65472645,-0.629884,0.053215735,0.49286726,-0.774864,0.74312,-0.57423,-0.34356,-0.64023,-0.75946,-0.11543,-0.19464,0.30573,-0.93201,0.04882256,0.21702914,1.284856
1.6462111209984869,0.08830410000000001,-0.19862851,1.2172694700000002,0.043233506,0.17770146,1.0298212,0.7639754,-0.6131861,-0.20085908,-0.5496546,-0.7815082,0.29516903,-0.3379666,-0.11509875,-0.9340936,0.79603976,-0.5911997,0.12962873,-0.5911997,-0.68947965,-0.59331685,0.12962873,0.41845044,-0.79446304,0.74386,-0.57932,-0.33326,-0.64073,-0.75998,-0.10903,-0.19011,0.29464,-0.93651,0.043377087,0.17711431,1.029187
1.7134089839819353,0.11324574,-0.21298264999999997,1.2251469300000002,0.07947601,0.23992369,1.2945408,0.8091501,-0.58739406,0.015633084,-0.46491516,-0.65624917,-0.5942987,0.35934672,0.4736088,-0.8040924,0.7705976,-0.6250368,-0.124532714,-0.6250368,-0.76891565,0.26835632,-0.124532714,-0.1345278,-0.9552364,0.74609,-0.59301,-0.3028,-0.64224,-0.76093,-0.09226,-0.1757,0.26331,-0.94858,0.07938416,0.24019204,1.2939494
1.7301932229893282,0.11919898999999999,-0.21644319000000004,1.22694359,0.0849271,0.24199632,1.2894229,0.78753954,-0.601932,-0.1321338,-0.5572952,-0.7871448,0.26424465,-0.26306573,-0.13446556,-0.9553614,0.8275747,-0.56112295,0.016161673,-0.56112295,-0.6710033,-0.5942976,0.016161673,0.48466027,-0.8040828,0.76006,-0.5755,-0.30185,-0.62259,-0.77798,-0.08439,-0.18627,0.25207,-0.94961,0.084986076,0.24161813,1.2894229
1.780659601005027,0.13708556,-0.22424736000000003,1.2318083100000001,0.10414764,0.2508472,1.291423,0.7847237,-0.6040158,-0.139189,-0.5602314,-0.7872267,0.25771093,-0.26523477,-0.12425383,-0.9561441,0.8327435,-0.5536528,-0.0025981166,-0.5536528,-0.6660564,-0.59884226,-0.0025981166,0.49983737,-0.8008628,0.75868,-0.58748,-0.28155,-0.62643,-0.77652,-0.06775,-0.17883,0.22777,-0.95715,0.104200386,0.2504702,1.291423
1.797417055000551,0.14071954,-0.22577058000000003,1.23288404,0.08907098,0.20490912,1.0414511,0.7608355,-0.6250463,-0.17448892,-0.5727984,-0.7732054,0.27213126,-0.30501044,-0.10710016,-0.94630766,0.8185453,-0.5738591,0.025870886,-0.5738591,-0.65566826,-0.6133917,0.025870886,0.49069837,-0.789355,0.75856,-0.5902,-0.27615,-0.62728,-0.77613,-0.06432,-0.17636,0.22201,-0.95896,0.08916833,0.20443185,1.0414511
1.81431376299588,0.14797781,-0.22895627999999998,1.23509749,0.09391879,0.20629911,1.042247,0.8333681,-0.5520688,-0.026787909,-0.44980282,-0.6492334,-0.6133298,0.32120866,0.52317876,-0.7893725,0.7807665,-0.61120236,-0.12975127,-0.61120236,-0.77976257,0.26779076,-0.12975127,-0.13565403,-0.95470035,0.76008,-0.591,-0.27018,-0.62635,-0.77705,-0.06234,-0.1731,0.21661,-0.96079,0.09386119,0.20675147,1.0421189
1.8310939749935642,0.15526309,-0.23231025000000002,1.2372871600000002,0.12347727,0.25984967,1.2995002,0.7686039,-0.62409794,-0.14053379,-0.59958214,-0.77936965,0.18189077,-0.22304542,-0.05554042,-0.9732245,0.8173578,-0.57529557,-0.031004217,-0.57529557,-0.6763915,-0.54385424,-0.031004217,0.45992348,-0.8386068,0.7614,-0.58982,-0.26904,-0.62541,-0.77756,-0.0653,-0.17068,0.21798,-0.96091,0.123527266,0.25953847,1.2995828
1.8479375370079651,0.15893429,-0.23382567,1.23830099,0.10292864,0.21084018,1.0392265,0.73638946,-0.6343896,-0.23511799,-0.59442985,-0.7726282,0.22293244,-0.3230848,-0.024403956,-0.9460553,0.80655104,-0.5880915,0.06019825,-0.5880915,-0.67801857,-0.58037907,0.06019825,0.4409526,-0.8121184,0.76135,-0.5917,-0.26503,-0.62587,-0.77744,-0.06227,-0.1692,0.21328,-0.96223,0.10302851,0.21030058,1.0387309
1.8646174379973672,0.16638751000000002,-0.23665305,1.24022209,0.11168873,0.21914937,1.0693927,0.78339046,-0.6064306,-0.13616651,-0.574944,-0.790287,0.21186255,-0.23609057,-0.08768296,-0.967767,0.8373873,-0.5443018,-0.050180133,-0.5443018,-0.66853195,-0.5770498,-0.050180133,0.50675493,-0.81516594,0.75988,-0.59878,-0.25307,-0.62849,-0.77616,-0.05069,-0.16607,0.19757,-0.96612,0.11172522,0.21872206,1.0693927
1.881425642000977,0.17393449,-0.23931157000000006,1.2420250300000002,0.13826163,0.2610708,1.2639608,0.76012313,-0.6336894,-0.14370294,-0.5938577,-0.7672606,0.24216573,-0.26371545,-0.09873668,-0.9595339,0.8230406,-0.56592166,-0.04834095,-0.56592166,-0.63941824,-0.60445195,-0.04834095,0.52045846,-0.7951735,0.7587,-0.60577,-0.23962,-0.6308,-0.77501,-0.03801,-0.16268,0.17999,-0.97012,0.1382952,0.26068875,1.2639608
1.8982144949841313,0.17772396000000001,-0.24064932000000003,1.24289077,0.14951502,0.27089962,1.3029339,0.8226487,-0.5654458,-0.059331454,-0.5002488,-0.6702782,-0.548159,0.27018562,0.4806228,-0.834267,0.7662865,-0.6253362,-0.1475113,-0.6253362,-0.7791727,0.17207189,-0.1475113,-0.042947154,-0.97397727,0.75856,-0.60778,-0.23492,-0.6313,-0.7748,-0.03394,-0.16138,0.17405,-0.97142,0.14947233,0.2712037,1.3028344
1.9150400240032468,0.18533396,-0.24347311000000002,1.2445115500000001,0.1560381,0.27322337,1.3038174,0.82382625,-0.56293947,-0.066403344,-0.5013873,-0.66903186,-0.54864115,0.2644258,0.4852788,-0.83341676,0.76572996,-0.62560153,-0.14926602,-0.62560153,-0.779122,0.16973445,-0.14926602,-0.03989529,-0.97412,0.75993,-0.60612,-0.23479,-0.63005,-0.77568,-0.03678,-0.15984,0.17588,-0.97135,0.15599711,0.27352548,1.3037139
