Time,xQTM,yQTM,zQTM,xCV,yCV,zCV,v0R11,v0R12,v0R13,v0R21,v0R22,v0R23,v0R31,v0R32,v0R33,v1R11,v1R12,v1R13,v1R21,v1R22,v1R23,v1R31,v1R32,v1R33,qtmR11,qtmR12,qtmR13,qtmR21,qtmR22,qtmR23,qtmR31,qtmR32,qtmR33
0.0,-0.0033201500000000217,-0.02634845999999999,1.35446635,-0.022180233883638448,0.045635137061175654,1.3997419047280293,-0.9903888849567806,-0.030155426035205643,-0.13498335762122685,-0.08850975060878448,0.888125256440844,0.45099839569454925,0.10628208033923475,0.4586111415486127,-0.8822584316662793,-0.9866161162673218,-0.014686983276847122,0.16239744962225283,-0.014686983276847122,0.8561037005332641,-0.5077488969169499,0.16239744962225283,-0.5165953411089539,-0.8460603560242074,-0.99664,-0.02956,0.07638,0.01332,0.86169,0.50726,-0.08081,0.50657,-0.8584
0.016631039994535968,-0.004620609999999997,-0.02598257000000001,1.33921643,-0.024596323404037113,0.044849689757163996,1.3751822705332923,-0.9948330806826885,-0.05382348685155036,-0.08608236661786359,-0.0886833006872304,0.8734564633146391,0.4787578499336605,0.04942078265881237,0.4839182151531642,-0.8737166287099991,-0.9925387474707785,-0.03551296833040597,0.11664331892355319,-0.03551296833040597,0.8401637594160819,-0.5343246398526275,0.11664331892355319,-0.5411688151068937,-0.8371926393589818,-0.99659,-0.0274,0.07788,0.01699,0.85504,0.51828,-0.08079,0.51783,-0.85166
0.03343077999306843,-0.008365939999999988,-0.02620209000000001,1.3092676600000002,-0.026760124055345304,0.04377072532300167,1.3415694885442542,-0.9932065548939475,-0.03230937468048509,-0.11178928223873806,-0.0855749896459452,0.8537876393389049,0.5135402496973307,0.07885214304502179,0.519617908871371,-0.8507523542825792,-0.9893833008745726,-0.01044538763351871,0.14495370925823348,-0.01044538763351871,0.8178515143208963,-0.5680500238278416,0.14495370925823348,-0.5753345065265967,-0.810128133446474,-0.99436,-0.04929,0.09395,0.01201,0.82753,0.56129,-0.10542,0.55925,-0.82227
0.05022463999921456,-0.010255110000000012,-0.02676893999999999,1.27816162,-0.028959416630816342,0.042983710004120615,1.3170168558922393,-0.9958591920615295,-0.055159750520126415,-0.07226251800979022,-0.0854629164816215,0.8390396285976537,0.5373161002139869,0.03099289423421487,0.5412669429821751,-0.8402794397947135,-0.9936614718628338,-0.03016531941092141,0.1082909637976499,-0.03016531941092141,0.8020892007131641,-0.590578624256251,0.1082909637976499,-0.596441923077305,-0.799681158794785,-0.99534,-0.05417,0.07977,0.0028,0.81068,0.58548,-0.09639,0.58298,-0.80675
0.06702791299903765,-0.012282039999999994,-0.027682889999999988,1.2643676400000001,-0.031122989910844952,0.0429849305695598,1.317053935629122,-0.9959015867871671,-0.05604723852860114,-0.07098405798572503,-0.08551556274278693,0.8390588281895704,0.537277741364677,0.029446866787268874,0.5411459968349228,-0.8404129295447271,-0.9935355124790254,-0.029186342800271516,0.1097057101384676,-0.029186342800271516,0.8021117304580637,-0.5905392811465794,0.1097057101384676,-0.5964603333462474,-0.7995173635299585,-0.99363,-0.07989,0.07946,-0.01197,0.77601,0.6306,-0.11204,0.62563,-0.77203
0.08391519299766514,-0.01246061000000001,-0.02875773000000001,1.23294472,-0.03073395571814767,0.04240437727741483,1.235913535833709,-0.9957812499548686,-0.03539332682214483,-0.08465822260584255,-0.07962959502109757,0.7917606745703133,0.6056188255006101,0.04559418641773905,0.609805171034506,-0.7912387904700333,-0.9924193613907253,-0.003686726714001158,0.12284225324765552,-0.003686726714001158,0.747906393940442,-0.6584322204919849,0.12284225324765552,-0.6637939695034453,-0.7425475013997643,-0.99686,-0.05332,0.05861,-0.00424,0.77455,0.6325,-0.07913,0.63026,-0.77234
0.10063996798999142,-0.013652140000000007,-0.030896260000000036,1.20393454,-0.032621553688255846,0.04471895791004149,1.2299359169019881,-0.9920791656104884,-0.03498082614810187,-0.12064522768677449,-0.09900721634622235,0.8088471625524049,0.5796238769601326,0.07730782801870525,0.5869775203812485,-0.805903772353816,-0.9866483279975383,-0.0016341686445095135,0.16285701198445027,-0.0016341686445095135,0.7639557361063674,-0.6364495785990583,0.16285701198445027,-0.6452665827106039,-0.7539293916200496,-0.99703,-0.05486,0.05413,-0.00617,0.75699,0.6534,-0.07682,0.65113,-0.75507
0.11742658099683467,-0.01398553999999999,-0.032119780000000014,1.1900992700000002,-0.03237447828391537,0.045993945667064565,1.184170060651474,-0.9937894381484889,-0.03705852825327362,-0.10492482122077815,-0.09418281435932103,0.7822943646179963,0.6157476143407167,0.05926339598663418,0.6218055906556547,-0.7809261535673548,-0.9893849633650743,-0.002076540364950724,0.14530341443752565,-0.002076540364950724,0.7314481192466349,-0.6744378141373902,0.14530341443752565,-0.6818939337101292,-0.7238926388729034,-0.99723,-0.05489,0.05011,-0.00793,0.74896,0.66256,-0.0739,0.66033,-0.74733
0.134223002998624,-0.013981539999999987,-0.03543411000000002,1.1641069000000002,-0.0322142422535009,0.046823235521860684,1.1444794692814133,-0.9969106565151468,-0.03760998112895248,-0.06895384141596982,-0.07411196822757915,0.7411531552340946,0.6672326555647432,0.02601074954654661,0.6702816496115829,-0.7416508282891632,-0.9940396241673516,0.0018408554401905253,0.10900383863185124,0.0018408554401905253,0.6837894961381104,-0.7254675267837798,0.10900383863185124,-0.7296770081497959,-0.6795697394276374,-0.99777,-0.05816,0.03266,-0.01973,0.72518,0.68828,-0.06371,0.6861,-0.72471
0.15104770299512893,-0.013073029999999985,-0.03781191000000003,1.1400512200000001,-0.03308590121961874,0.04816264380246123,1.1445432162637366,-0.9939784966157896,0.0023871668811112426,0.1095493025979462,-0.0783968685403128,0.6829938646436354,-0.7262047313686575,-0.0765550734340159,-0.7304202093955456,-0.6786940683681268,-0.9969258092402189,-0.03806980105498063,-0.06848080839453444,-0.03806980105498063,0.7418405422864787,0.6664685582702424,-0.06848080839453444,0.6694948095898415,-0.7423813303948422,-0.99817,-0.04777,0.03709,-0.00836,0.71644,0.6976,-0.0599,0.69601,-0.71553
0.16788357398763765,-0.012857339999999995,-0.03962694,1.12943111,-0.03210078746636844,0.05154486662417412,1.12434190086945,-0.9972572998770856,-0.05630897053830188,-0.04803308941533247,-0.07395384875311858,0.7322391965919318,0.6770203743086344,-0.0029506095074635294,0.678715742274569,-0.7343951491480696,-0.9959973225580513,-0.015687742713062062,0.08799561458255772,-0.015687742713062062,0.6673229760576951,-0.7408839312653892,0.08799561458255772,-0.7446032100078999,-0.6658436544767696,-0.99878,-0.0482,0.01052,-0.02668,0.70715,0.70656,-0.0415,0.70542,-0.70758
0.18464369598950725,-0.011761969999999983,-0.041965870000000016,1.10953297,-0.0320985808659188,0.05430226649358018,1.1241861418635046,-0.9972782610061255,-0.055119103113256865,-0.04896891459475308,-0.07368296704993922,0.7687221120640668,0.6353244327038572,0.002624974536188176,0.6372034203421624,-0.7706911901747248,-0.9957108981335936,-0.01666888793078734,0.09100524992077784,-0.01666888793078734,0.7039583253916342,-0.7061285163902903,0.09100524992077784,-0.7100456494387927,-0.7022111953161274,-0.99906,-0.04342,-0.00137,-0.03137,0.69926,0.71418,-0.03005,0.71355,-0.69996
0.20144018800056074,-0.010391669999999992,-0.04383015000000001,1.09219052,-0.03091166474993123,0.05454890620245865,1.0828379697442196,-0.9952661595923996,-0.09027058109744658,-0.03600685710424439,-0.09058443775698606,0.7274122088230061,0.6801955146070032,-0.03520981690447814,0.6802372385010721,-0.7321458653506067,-0.9959311322307723,-0.05018304691169907,0.07485213194151663,-0.05018304691169907,0.6554283677940089,-0.7499486761852159,0.07485213194151663,-0.7535882937609499,-0.6572473974325437,-0.99921,-0.03827,-0.01059,-0.03431,0.69771,0.71556,-0.01999,0.71536,-0.69847
0.2182610399904661,-0.009752779999999989,-0.04471239000000002,1.0845673800000002,-0.029113119678216552,0.05589343871707918,1.0659578797631488,-0.9969773949490247,-0.07185055129663223,-0.02955625549737861,-0.0715919483477662,0.7018545828926174,0.7087134381429504,-0.03017725786792236,0.7086872672420471,-0.7048770746425026,-0.9973397546834462,-0.03107379845278705,0.06593809807447519,-0.03107379845278705,0.6237287408013718,-0.7784188947834153,0.06593809807447519,-0.7810229682589697,-0.6242725298028797,-0.99915,-0.03815,-0.01559,-0.03773,0.69435,0.71864,-0.0166,0.71862,-0.6952
0.23501874999783468,-0.008451590000000009,-0.046355990000000014,1.07126804,-0.029113076645004312,0.057642470425553774,1.065954357004876,-0.9969788988931193,-0.07182055247354566,-0.029578428022091496,-0.07163333861581295,0.702957092683623,0.7076157083082177,-0.030028985341094296,0.7075967312588316,-0.7059781341877389,-0.9973396386707479,-0.031044347166083532,0.06595372351227391,-0.031044347166083532,0.6223871286801433,-0.7794899224337847,0.06595372351227391,-0.7820936712199621,-0.6229330358706614,-0.99902,-0.03841,-0.02204,-0.04239,0.68585,0.72651,-0.01279,0.72673,-0.68681
0.2518179969920311,-0.00709468000000002,-0.04767387000000001,1.06036152,-0.02729654169936785,0.05833869814542676,1.0468841745136488,-0.9960552028478415,-0.08745603625348046,-0.015015811752121386,-0.07163777451532226,0.6926745917623212,0.7176837320083224,-0.052364703209672445,0.7159283146026084,-0.6962072868104955,-0.9976328409360224,-0.048144612591631455,0.049100009819986315,-0.048144612591631455,0.6090679388150106,-0.7901732389595457,0.049100009819986315,-0.7916554441081276,-0.6109136121153776,-0.99896,-0.03751,-0.02608,-0.04465,0.68042,0.73146,-0.00969,0.73186,-0.68139
0.26861716399434954,-0.00639381,-0.04816494000000002,1.05558228,-0.027275594990763704,0.05956050368290541,1.0456950903712456,-0.9955526269978945,-0.08663045863449877,-0.037015274068519365,-0.08772144590026222,0.7091949207353726,0.6995337821237196,-0.034349888016681686,0.6996697278287268,-0.713640215482085,-0.9962615916663046,-0.048966980510856656,0.0711693458602154,-0.048966980510856656,0.6252597382287434,-0.7756480551731794,0.0711693458602154,-0.7788789986703789,-0.6271403500938952,-0.9988,-0.0384,-0.03042,-0.04842,0.67939,0.73218,-0.00744,0.73278,-0.68043
0.285416101993178,0.192,0.144,1.564,-0.025534403614360913,0.05926044104725637,1.0286532736247251,-0.9973669934534667,-0.06524695704925283,0.03165304038170051,-0.06579429155961629,0.6305639955671083,-0.7733434933408385,0.030499042079396726,-0.773389864227775,-0.6331965937542485,-0.9948302992258975,-0.10153487170181132,0.0018290901038513982,-0.10153487170181132,0.7150205717780039,0.6954171051190401,0.0018290901038513982,0.6916908643048227,-0.718603996883712,0.0,0.0,0.0,0.0,0.0,0.0,0.0,0.0,0.0
0.3022180429979926,0.192,0.144,1.564,-0.02390070558801486,0.06078089147796107,1.0299082018333765,-0.9972205178749922,-0.06755565735903822,-0.03142406542636392,-0.06925791333025087,0.684991636457143,0.7252515421734065,-0.027469622681639355,0.7254120836755844,-0.6877664783101712,-0.9976077463654313,-0.031991864596798925,0.06128054333396095,-0.031991864596798925,0.5948011917548198,-0.8009681295166984,0.06128054333396095,-0.8032359945163479,-0.5955625496177678,0.0,0.0,0.0,0.0,0.0,0.0,0.0,0.0,0.0
0.31905766698764637,0.192,0.144,1.564,-0.02300221502305809,0.06107093886541647,1.0276367386597631,-0.9946839348571237,-0.09992412969704953,-0.024880475104721488,-0.08803813336198824,0.6998745351258551,0.7088193861319716,-0.053414949324006804,0.7072416866861395,-0.7049510903616352,-0.9963242218437928,-0.06539998590751087,0.055325281839844545,-0.06539998590751087,0.6111153039178142,-0.7870909185575198,0.055325281839844545,-0.7888351710976985,-0.6143508762210905,0.0,0.0,0.0,0.0,0.0,0.0,0.0,0.0,0.0
0.3359124559938209,0.192,0.144,1.564,-0.021322398393773832,0.061544701739951205,1.0285026733958298,-0.9951100747696683,-0.0987694584562905,-0.0007301836454961241,-0.07161669663596297,0.7164133208562229,0.6939906357168736,-0.0680219659731876,0.6906493667382957,-0.7199836556263852,-0.9972491766610599,-0.06827397883037001,0.02885729480579105,-0.06827397883037001,0.6287409321164789,-0.774854129330026,0.02885729480579105,-0.7746118409216141,-0.631481064479925,0.0,0.0,0.0,0.0,0.0,0.0,0.0,0.0,0.0
0.3526599519973388,0.192,0.144,1.564,-0.01963324369061966,0.06154284205367749,1.0284713230065823,-0.9952206370942467,-0.09763564816889048,-0.001778681636014634,-0.07152271524821743,0.7164028579583124,0.69401112837813,-0.06648597374818291,0.6908214134751495,-0.719962075375469,-0.997194504435162,-0.06954575821897896,0.027685877953554806,-0.06954575821897896,0.6287262309421887,-0.774874940698838,0.027685877953554806,-0.7745106287450012,-0.6315079717936372,0.0,0.0,0.0,0.0,0.0,0.0,0.0,0.0,0.0
0.36944254499394447,0.192,0.144,1.564,-0.01818506625456321,0.0568584059538292,0.9735992498708095,-0.9937176213291262,-0.11162916468187056,-0.008013654123506478,-0.06018557379356703,0.5933907608287234,-0.8026612620964385,0.09435563452768717,-0.7971363337319007,-0.5963813206978746,-0.9900029975064545,-0.13778950951292926,0.03013496302339709,-0.13778950951292926,0.6819072210413752,0.7278113328720555,0.03013496302339709,0.7183429494049589,-0.6851149887037801,0.0,0.0,0.0,0.0,0.0,0.0,0.0,0.0,0.0
0.3862550759949954,0.192,0.144,1.564,-0.01637087406587223,0.05916055205551504,1.0092610839011573,-0.9937442535170183,-0.11079990337971586,-0.01399071166701605,-0.0868558760285902,0.688020176094748,0.7204750475109175,-0.07020267374687461,0.7171831137844772,-0.6933397189698507,-0.9956026168056921,-0.08719876211116631,0.03423164173595132,-0.08719876211116631,0.5996457465052923,-0.7962671725208399,0.03423164173595132,-0.7955006942702134,-0.6039758146397325,0.0,0.0,0.0,0.0,0.0,0.0,0.0,0.0,0.0
0.40305702498881146,0.192,0.144,1.564,-0.01489173505744918,0.05791161795427457,0.9948356069339764,-0.9951713446347329,-0.0928230360291759,0.03190421289146807,-0.03793142162025691,0.6634955275995191,0.747218102102259,-0.09052735537816242,0.7423998712538695,-0.66381264607604,-0.9975024935993358,-0.06936898494168531,-0.013293577068161231,-0.06936898494168531,0.5727941383137273,-0.8191890600562902,-0.013293577068161231,-0.8167587275576528,-0.573369483573049,0.0,0.0,0.0,0.0,0.0,0.0,0.0,0.0,0.0
0.4199049669987289,0.192,0.144,1.564,-0.013670101440734496,0.05837754842522721,1.0247267052791997,-0.9918020711203261,-0.1277768228430292,0.0013172947933400153,-0.0887248997626524,0.6960270767395735,0.71251259680617,-0.09195946869974138,0.7065545923631843,-0.7016580820648728,-0.993959395649587,-0.10863377115391856,0.015602037199859486,-0.10863377115391856,0.6109805208218007,-0.7876798657357391,0.015602037199859486,-0.7841565576727643,-0.6158871694959573,0.0,0.0,0.0,0.0,0.0,0.0,0.0,0.0,0.0
0.43668599099328276,0.192,0.144,1.564,-0.012407806163835109,0.056112001893136434,0.9917820491192872,-0.9922066272631794,-0.12293669232382304,0.020312028345384522,-0.0709236613929767,0.6912349858636612,0.7191411742993707,-0.10244922190841871,0.7120960356570882,-0.6945670543092426,-0.9945682078674735,-0.104014988999231,-0.0038680696441703577,-0.104014988999231,0.6063988258729636,-0.7928682741975566,-0.0038680696441703577,-0.7883281969100062,-0.6093807822767439,0.0,0.0,0.0,0.0,0.0,0.0,0.0,0.0,0.0
0.45348176699189935,0.192,0.144,1.564,-0.011401676084267114,0.056227120328699434,1.0086098777096923,-0.9935291239487157,-0.10736681630757273,-0.037043847284984506,-0.10209150325143691,0.7012919599163691,0.7055259824560113,-0.04977152629324489,0.7047424733281186,-0.7077152262441488,-0.9945244526659145,-0.09059934643094086,0.052085232800185594,-0.09059934643094086,0.6189412346683906,-0.7793993226019125,0.052085232800185594,-0.7801945311609502,-0.6243587305802896,0.0,0.0,0.0,0.0,0.0,0.0,0.0,0.0,0.0
0.4702456679951865,0.192,0.144,1.564,-0.009742417630270976,0.055844190229374584,1.0091880668176176,-0.9941913309552195,-0.10610650487568658,-0.018027952644576916,-0.08629526223277416,0.6857792693257962,0.7226755298743375,-0.06431737844211274,0.7200334737955199,-0.6909522931753613,-0.9952734741545145,-0.09244291524349676,0.029749270002584212,-0.09244291524349676,0.602359417442747,-0.7942372924945157,0.029749270002584212,-0.7928539838074334,-0.6068789864093949,0.0,0.0,0.0,0.0,0.0,0.0,0.0,0.0,0.0
0.48701373299991246,0.192,0.144,1.564,-0.009159938281778026,0.05406431348422784,0.991557849404939,-0.9926876861981855,-0.12055604137446166,-0.006115436093353924,-0.08642327291498633,0.6744341978474632,0.73325952477449,-0.08427440637082292,0.7284262170336595,-0.679921371019383,-0.994258489968693,-0.10533568322895362,0.01882681502176281,-0.10533568322895362,0.5913412496783937,-0.8026551290272863,0.01882681502176281,-0.7995123015110435,-0.5961462026066481,0.0,0.0,0.0,0.0,0.0,0.0,0.0,0.0,0.0
0.5038337629957823,0.192,0.144,1.564,-0.008085501543295518,0.05418752875322298,1.009176571802929,-0.9942971365669105,-0.10493184267731102,-0.01903976384272156,-0.08611365009510834,0.6846570746598146,0.7237604088270948,-0.06290980434033955,0.7212724856187225,-0.6897886328486793,-0.9951837189001519,-0.09375305444862767,0.02863093462700821,-0.09375305444862767,0.6037177241417024,-0.7932047097738009,0.02863093462700821,-0.7916661381786623,-0.6082816436282164,0.0,0.0,0.0,0.0,0.0,0.0,0.0,0.0,0.0
0.5205961219908204,0.192,0.144,1.564,-0.007538597190153351,0.053647139626061734,0.9913360432374544,-0.9925210739315937,-0.11938354456878748,-0.02548503654830042,-0.10133265542500218,0.689320211529126,0.717334886173786,-0.06807063056997233,0.7145524580208462,-0.6962622882148459,-0.9935333326177982,-0.10782186891674447,0.035580353577108384,-0.10782186891674447,0.6081534547926788,-0.7882073242327526,0.035580353577108384,-0.7864628535455623,-0.614380380924694,0.0,0.0,0.0,0.0,0.0,0.0,0.0,0.0,0.0
0.5373928829940269,0.192,0.144,1.564,-0.006418434707457786,0.053756818456452506,1.0088946287010865,-0.9945997531968944,-0.1037845764905192,-0.0003043408618772364,-0.0700077944597787,0.6687358112557575,0.7401968140021818,-0.0766174892276823,0.7362208747562017,-0.6723902021279453,-0.9953643349236919,-0.09594002991314385,0.0067343464554089835,-0.09594002991314385,0.5868552304415845,-0.8073125596270027,0.0067343464554089835,-0.8039878414277298,-0.5900856544996803,0.0,0.0,0.0,0.0,0.0,0.0,0.0,0.0,0.0
0.554197123987251,0.022622710000000018,-0.05012379000000003,1.02393661,-0.00642865973842548,0.05418701720228093,1.0091672283901525,-0.9944014437517079,-0.10374721994180594,-0.020056994262986336,-0.08602989150372084,0.6846608736679265,0.7237667758581695,-0.06135655166628046,0.721440227893218,-0.6897531233310981,-0.9950917951586604,-0.09505364046757718,0.027515897982350282,-0.09505364046757718,0.6037209801709519,-0.7932114590842423,0.027515897982350282,-0.7915085492496505,-0.6083243021084006,-0.96721,0.2536,0.0135,0.17271,0.61788,0.76707,0.18619,0.74425,-0.64142
0.5709998919919599,0.022976439999999987,-0.050008070000000016,1.02440379,-0.006408701118095591,0.05274791749475872,1.009173272487195,-0.9951608004855493,-0.0940802182950262,0.028353019284036378,-0.07973354227975625,0.6045478317668832,-0.7925682818164514,0.05742424063479678,-0.7909935724337587,-0.6091236532560502,-0.9943228006646164,-0.10464257170918365,-0.01928990058454931,-0.10464257170918365,0.6839670076333638,0.7244219710790109,-0.01928990058454931,0.7219688806694865,-0.689086865027508,-0.96717,0.2538,0.01319,0.17261,0.61794,0.76705,0.18653,0.74414,-0.64146
0.5878402729867958,0.02304020000000001,-0.049962250000000014,1.02471328,-0.0056029839900969425,0.053371174702956055,1.0094040155546078,-0.9944899746368092,-0.10229376529729707,-0.02292762369239412,-0.0871087417598893,0.684672514323839,0.7236267098708296,-0.0583245870614396,0.7216367047973478,-0.6898106325893638,-0.9952065912009436,-0.09269479529107151,0.03116914750429258,-0.09269479529107151,0.6044755716068487,-0.7924825363470945,0.03116914750429258,-0.791212334494679,-0.6090976225768179,-0.96729,0.25328,0.01388,0.17289,0.61828,0.7667,0.18561,0.74403,-0.64185
0.6045881259924499,0.022979410000000006,-0.04996974000000001,1.02556096,-0.006709399599611029,0.051819317265158496,0.9915880237900239,-0.9939332580299224,-0.10903366239372347,0.014433954656824871,-0.07667044753150515,0.5927854516334916,-0.8017025949858191,0.07885633175175256,-0.7979455299684867,-0.597548834946541,-0.9927376916986367,-0.12019002542333662,-0.00512184240290213,-0.12019002542333662,0.6726030021623498,0.7350796293840783,-0.00512184240290213,0.7301777586799886,-0.6779614334126727,-0.96741,0.25267,0.01652,0.17439,0.61754,0.76696,0.18358,0.74485,-0.64148
0.6214142479875591,0.02264484,-0.050106940000000016,1.0265859800000001,-0.006200866909105664,0.05189319188679493,0.9735778670479265,-0.9909856442431636,-0.13271976978702676,-0.018245975217582387,-0.10057152540637168,0.6470377713218232,0.7557959319553947,-0.0885032269547136,0.7508179441053383,-0.6545529723620813,-0.9920964632111917,-0.12274509225579498,0.02604323349664375,-0.12274509225579498,0.563970849868549,-0.8207297846034988,0.02604323349664375,-0.8166214072785886,-0.5707226740315594,-0.96755,0.25196,0.01898,0.17584,0.61748,0.76668,0.18146,0.74514,-0.64175
0.6382321219862206,0.022407700000000003,-0.05018653000000001,1.02714807,-0.006433338001803171,0.05373391029479538,1.0084616406393243,-0.9936395247878387,-0.1040832763098157,-0.04297867345571035,-0.10186097907627653,0.6680528027100708,0.7371090785852812,-0.04800870463801725,0.7367985643198787,-0.6744056938484024,-0.9942370727615384,-0.09427469958366712,0.05103845770570265,-0.09427469958366712,0.5863691368519646,-0.8042291863699341,0.05103845770570265,-0.804539319341132,-0.592123713108821,-0.96749,0.25221,0.01889,0.17611,0.61818,0.76606,0.18153,0.74448,-0.64249
0.6549831219890621,0.021772680000000016,-0.05050356,1.02842092,-0.006418434707457786,0.053756818456452506,1.0088946287010865,-0.9945997531968944,-0.1037845764905192,-0.0003043408618772364,-0.0700077944597787,0.6687358112557575,0.7401968140021818,-0.0766174892276823,0.7362208747562017,-0.6723902021279453,-0.9953643349236919,-0.09594002991314385,0.0067343464554089835,-0.09594002991314385,0.5868552304415845,-0.8073125596270027,0.0067343464554089835,-0.8039878414277298,-0.5900856544996803,-0.96743,0.25231,0.02029,0.17729,0.61822,0.76575,0.18066,0.74441,-0.64282
0.6718350329902023,0.02089879,-0.05095821000000003,1.02978837,-0.007256044543112389,0.05419219133148643,1.009263716470259,-0.9942385904033689,-0.10581146461597205,-0.017133572556384376,-0.0853477601942717,0.6847610128620504,0.7237527997140734,-0.06484894126000118,0.7210452754300256,-0.689846595698997,-0.9950834664399298,-0.09559482654381271,0.02589447732531476,-0.09559482654381271,0.603033918543093,-0.793834883990198,0.02589447732531476,-0.7919669956662466,-0.6075818076640523,-0.96755,0.25158,0.02354,0.17924,0.61773,0.76569,0.17809,0.74506,-0.64278
0.6885835069988389,0.020419710000000008,-0.051235080000000016,1.03049057,-0.008085501543295518,0.05418752875322298,1.009176571802929,-0.9942971365669105,-0.10493184267731102,-0.01903976384272156,-0.08611365009510834,0.6846570746598146,0.7237604088270948,-0.06290980434033955,0.7212724856187225,-0.6897886328486793,-0.9951837189001519,-0.09375305444862767,0.02863093462700821,-0.09375305444862767,0.6037177241417024,-0.7932047097738009,0.02863093462700821,-0.7916661381786623,-0.6082816436282164,-0.96752,0.25162,0.02443,0.18002,0.61788,0.76539,0.17749,0.74492,-0.64311
0.7053755199885927,0.192,0.144,1.564,-0.009503551637633887,0.056003042541657035,1.0274736208571347,-0.9953323094942979,-0.09066071669710944,-0.033079119164720616,-0.08711387334844241,0.6965255077285055,0.7122242555219389,-0.04153031118326542,0.7117814633239019,-0.7011721484211324,-0.996052998582553,-0.07579217666063143,0.04619491283408172,-0.07579217666063143,0.6151061451014092,-0.78404566897015,0.04619491283408172,-0.7847929511759955,-0.6189817598260887,0.0,0.0,0.0,0.0,0.0,0.0,0.0,0.0,0.0
0.7223009709996404,0.192,0.144,1.564,-0.009731330527146573,0.05541382875977067,1.0089209226352156,-0.9943440447564016,-0.10619380750969257,0.0016720957130308065,-0.0702989903551273,0.6698816448663206,0.7391323520359817,-0.07961138494291436,0.7348343058933674,-0.6735581417143466,-0.9955991918869771,-0.09328972737737425,0.008903700346123169,-0.09328972737737425,0.5854768592032924,-0.8083079763690931,0.008903700346123169,-0.8053035912643777,-0.5886925678639474,0.0,0.0,0.0,0.0,0.0,0.0,0.0,0.0,0.0
0.7389969349897001,0.192,0.144,1.564,-0.01139938649115253,0.05584500630998514,1.0092027141720188,-0.9940823448289048,-0.10728870282350854,-0.017012523208365823,-0.086381810076972,0.6857782354527674,0.7226661709718503,-0.06586709791156925,0.7198592543169382,-0.6909878286822204,-0.9953596220931359,-0.09114018137497017,0.030865677467814552,-0.09114018137497017,0.6023596850466906,-0.7942275241600313,0.030865677467814552,-0.7930045883659115,-0.6068360155932404,0.0,0.0,0.0,0.0,0.0,0.0,0.0,0.0,0.0
0.7558426289906492,0.192,0.144,1.564,-0.012232145799375847,0.05668622257030395,1.0094437991938159,-0.994079474623151,-0.10700379818462244,-0.018872872251584714,-0.08763687461355468,0.6869146113813495,0.7214347474850217,-0.06423220641491416,0.7188174342939057,-0.6922251944376181,-0.9955296226147049,-0.08746639562618021,0.035642672918676586,-0.08746639562618021,0.6017602521932579,-0.7945264302390047,0.035642672918676586,-0.7938729297037852,-0.6061826057541375,0.0,0.0,0.0,0.0,0.0,0.0,0.0,0.0,0.0
0.7726081159926252,0.192,0.144,1.564,-0.013677200132105915,0.057940007207562705,1.0244436546005353,-0.991550791467198,-0.12739821645953897,-0.024427901745783864,-0.10520724503998806,0.6796368763779541,0.725964979774034,-0.07588454079632509,0.7224011425171932,-0.6872976980595709,-0.9933878411622792,-0.10694510980039722,0.041753329456790056,-0.10694510980039722,0.5937131073308212,-0.7987493285847961,0.041753329456790056,-0.7975383938553443,-0.6002134366744969,0.0,0.0,0.0,0.0,0.0,0.0,0.0,0.0,0.0
0.7894960949925007,0.005143249999999988,-0.04744358000000001,1.03507834,-0.01485968127186469,0.056317614555978654,0.991933796594725,-0.9947982029898554,-0.1018391173800661,0.00230857085734993,-0.06047621149678295,0.5722114410578598,-0.817873275370631,0.08197050183542043,-0.8137584782315554,-0.5753937572959169,-0.992026134738589,-0.12499213449346752,0.016159031851625046,-0.12499213449346752,0.6605579594217807,0.7474052066141951,0.016159031851625046,0.7402973379388172,-0.6641719226342007,-0.99791,-0.04731,-0.04395,-0.06435,0.6715,0.73821,-0.00541,0.73949,-0.67314
0.8063081849977607,0.003868590000000005,-0.04844538000000001,1.0381012100000002,-0.016251282579948186,0.06022377954420213,1.0275668581406594,-0.9950119401886943,-0.09608562352446061,-0.026810293430802896,-0.08663820852379887,0.6991550645931855,0.7097013572464722,-0.04944754499180801,0.7084841202212041,-0.7039923236006692,-0.9962096511513816,-0.07321170006646484,0.04697209731554196,-0.07321170006646484,0.6113427380325327,-0.7871019356817909,0.04697209731554196,-0.7879721464799773,-0.6150318405739308,-0.99769,-0.03898,-0.0556,-0.06762,0.64474,0.7614,0.00617,0.7634,-0.64589
0.8229768089950085,0.002336240000000017,-0.04944155000000003,1.0395021500000001,-0.017939367254437334,0.06106599170981264,1.0275536623712926,-0.994945956183874,-0.09644092032583367,-0.027958776083063568,-0.08775698332635885,0.6998485923936811,0.7088798626015836,-0.04879811626296509,0.7077507305621727,-0.7047748911800824,-0.9962457471080108,-0.06928572812053739,0.051902786514870985,-0.06928572812053739,0.6110770884885556,-0.787153873676435,0.051902786514870985,-0.7885329922096838,-0.6145688569299415,-0.99772,-0.03793,-0.0558,-0.06708,0.64646,0.75999,0.00724,0.762,-0.64753
0.8398151799920015,0.0015721100000000154,-0.04998978000000001,1.0401597000000002,-0.019435831855513626,0.06404696314423053,1.0633497520378306,-0.9946471258244927,-0.10039437133482557,-0.024455373506877588,-0.08972905968528863,0.721817912504522,0.6862416462410372,-0.051242472003891926,0.6847626387237407,-0.7269624045788271,-0.9960271321569577,-0.07454640847330955,0.04871124090922908,-0.07454640847330955,0.6340689257381228,-0.7685857674811198,0.04871124090922908,-0.7696748861675518,-0.6378895931386098,-0.99779,-0.03748,-0.05479,-0.06602,0.64647,0.76008,0.00694,0.76202,-0.64752
0.8565806029946543,7.473999999998981e-05,-0.05113022000000003,1.04136236,-0.019626250013206586,0.06191280789355879,1.0276136154480857,-0.9948395232598194,-0.0983908252623425,-0.024770314175853892,-0.086899491426847,0.7002621807010939,0.7085769941717721,-0.052371760997036054,0.7070729267790865,-0.7051986066819232,-0.9962874274672708,-0.07060302188326203,0.04926027985709444,-0.07060302188326203,0.6100017214872302,-0.788125403174748,0.04926027985709444,-0.7892484482617417,-0.6135403602853211,-0.9979,-0.03623,-0.05365,-0.06434,0.64645,0.76024,0.00714,0.76209,-0.64743
0.8733913659962127,0.192,0.144,1.564,-0.02131392800113466,0.06360070043448851,1.0276397228049121,-0.9947509065112168,-0.09952920142579055,-0.023760725129020728,-0.08707298172593284,0.7013619656007105,0.7074670939782738,-0.05374876601809412,0.7058224502466982,-0.7063467554107398,-0.9963223634547683,-0.06928528139484824,0.050411287049045045,-0.06928528139484824,0.6086511535790516,-0.7891626954087744,0.050411287049045045,-0.790407061601126,-0.6121118707501243,0.0,0.0,0.0,0.0,0.0,0.0,0.0,0.0,0.0
0.8901768399955472,0.192,0.144,1.564,-0.02223409546338971,0.06305736658726714,1.012047310581435,-0.9964193773740208,-0.08257303143068576,-0.018169173726834242,-0.06943836242401252,0.6766235764223968,0.7330476448725807,-0.04823627491256334,0.7316845155596179,-0.6799345788183206,-0.9977603918895448,-0.048647393102691124,0.04590894815539061,-0.048647393102691124,0.5808450324357426,-0.8113623159061919,0.04590894815539061,-0.8125592159584641,-0.582737986411223,0.0,0.0,0.0,0.0,0.0,0.0,0.0,0.0,0.0
0.9069711939955596,0.192,0.144,1.564,-0.023001750224019454,0.06528883180626777,1.0276682562896557,-0.9946602833931081,-0.1006635870733698,-0.022754403482933734,-0.08725064462093256,0.7024590090428425,0.7063559057782272,-0.0551202835041129,0.7045695017896176,-0.7074910398686025,-0.99635435452677,-0.0679640060583706,0.05156446543930403,-0.0679640060583706,0.6072985766124058,-0.7901972844398086,0.05156446543930403,-0.7915613259407284,-0.610679422911818,0.0,0.0,0.0,0.0,0.0,0.0,0.0,0.0,0.0
0.9238138059881749,0.192,0.144,1.564,-0.02470119765406045,0.0666120886645667,1.028568735126111,-0.9948900635258426,-0.10095589202311823,0.0012920384519069517,-0.07212638159306119,0.71962233151257,0.6906095025893471,-0.07065087809671466,0.6869873418442509,-0.7232266903052829,-0.997352996350625,-0.06565163907527415,0.03125480694485235,-0.06565163907527415,0.624748523567873,-0.7780732769859325,0.03125480694485235,-0.7780611445037547,-0.627395499412621,0.0,0.0,0.0,0.0,0.0,0.0,0.0,0.0,0.0
0.9405570329981856,0.192,0.144,1.564,-0.02470119765406045,0.0666120886645667,1.028568735126111,-0.9948900635258426,-0.10095589202311823,0.0012920384519069517,-0.07212638159306119,0.71962233151257,0.6906095025893471,-0.07065087809671466,0.6869873418442509,-0.7232266903052829,-0.997352996350625,-0.06565163907527415,0.03125480694485235,-0.06565163907527415,0.624748523567873,-0.7780732769859325,0.03125480694485235,-0.7780611445037547,-0.627395499412621,0.0,0.0,0.0,0.0,0.0,0.0,0.0,0.0,0.0
0.9575367239885963,0.192,0.144,1.564,-0.024688813204786407,0.06787025736070273,1.0284631228188787,-0.9945351726399418,-0.10185509935390036,0.02292005928544355,-0.055852039245019615,0.7045473818361864,0.7074556780887036,-0.08820623614129529,0.7023094228923472,-0.7063859670338901,-0.9977378430103695,-0.0667561598551839,0.007925386199070683,-0.0667561598551839,0.6057945572283293,-0.7942410599664157,0.007925386199070683,-0.792815596184839,-0.6075510899644738,0.0,0.0,0.0,0.0,0.0,0.0,0.0,0.0,0.0
0.9741633349913172,0.192,0.144,1.564,-0.025330143952603835,0.06712822984963296,1.0045410290317076,-0.9863508761965787,-0.1488620568838208,0.0703707115678087,-0.05958789365101718,0.721120211465165,0.6902426555543137,-0.15349668386149812,0.6766282056172015,-0.7201479288359923,-0.9928866497342193,-0.11310633144751911,-0.03718949537223797,-0.11310633144751911,0.6245622255700215,-0.7798482044922499,-0.03718949537223797,-0.7727412142350796,-0.6248629604834743,0.0,0.0,0.0,0.0,0.0,0.0,0.0,0.0,0.0
0.9910035759967286,0.192,0.144,1.564,-0.025384253701611622,0.06879765067469093,1.0234083223612955,-0.9878950016831328,-0.13464126316725405,0.07704022262564719,-0.04361381277161548,0.7176797106850813,0.6950062360918066,-0.1488667222216084,0.6832331689282245,-0.7148644178382992,-0.9941997468092453,-0.09821529522108116,-0.043824869983476344,-0.09821529522108116,0.6193896791019509,-0.7846329020204942,-0.043824869983476344,-0.7789160296249001,-0.6184097265064877,0.0,0.0,0.0,0.0,0.0,0.0,0.0,0.0,0.0
1.0077878159936517,0.192,0.144,1.564,-0.025365758960113224,0.0679210250165506,1.0228568641418698,-0.9872841378380741,-0.1337513141622072,0.08591051817567583,-0.04373951992031695,0.7481390664064602,0.66209877791279,-0.1528295965134724,0.6499219362941617,-0.7444760514302503,-0.9937852444802748,-0.0989037164495043,-0.0510778105027658,-0.0989037164495043,0.6552329631190489,-0.7549651833252667,-0.0510778105027658,-0.7489244413922586,-0.653772612795068,0.0,0.0,0.0,0.0,0.0,0.0,0.0,0.0,0.0
1.024516016987036,0.192,0.144,1.564,-0.02525778107776816,0.06878435008951675,1.0359921885617576,-0.9826530341419148,-0.15169358842804687,0.10668678325599178,-0.045891266176017007,0.7562802402599779,0.6526363381555393,-0.1796858541467597,0.6364190863119457,-0.7501224835967906,-0.9903702973238566,-0.11813605077778541,-0.07218412349876155,-0.11813605077778541,0.6654592091017186,-0.7460152734490945,-0.07218412349876155,-0.7370264001569712,-0.6620050332855396,0.0,0.0,0.0,0.0,0.0,0.0,0.0,0.0,0.0
1.0413274780003121,0.192,0.144,1.564,-0.02350433088978668,0.06789317276590841,1.0161686779618422,-0.9801080066864075,-0.13300300839121534,0.1473040901946832,0.004083804480153469,0.7285448600963247,0.6849859191021328,-0.19842282572870729,0.67196174488293,-0.713509492329095,-0.9880407398432365,-0.10037453526631984,-0.1170489174665884,-0.10037453526631984,0.6322514181161409,-0.7742752557052287,-0.1170489174665884,-0.7682337515106966,-0.6219303653324081,0.0,0.0,0.0,0.0,0.0,0.0,0.0,0.0,0.0
1.0581461029942147,0.192,0.144,1.564,-0.02352299178887624,0.06785334180866714,1.0348109767812312,-0.9817074568640789,-0.149644896871095,0.11771522407021964,-0.04603549961574718,0.7864840245668883,0.615892532732942,-0.18474631772403807,0.5992072128583806,-0.7789862092141939,-0.9892096886309355,-0.11997788006703956,-0.08408032001191934,-0.11997788006703956,0.7014735145292945,-0.712272980013742,-0.08408032001191934,-0.7025241751772953,-0.696848406562745,0.0,0.0,0.0,0.0,0.0,0.0,0.0,0.0,0.0
1.0749451279989444,0.192,0.144,1.564,-0.02244423757229217,0.06763761868526717,1.0448523174465623,-0.9733208002765792,-0.16614845311339227,0.15824446681317608,-0.048846317725573477,0.8239060694251106,0.5646174156091163,-0.2241888868646522,0.5418242153064886,-0.8100406549759686,-0.9822078348437575,-0.14035131330155087,-0.12477691303309273,-0.14035131330155087,0.7466438242294098,-0.6648524945797778,-0.12477691303309273,-0.6502495740826064,-0.7364793835709038,0.0,0.0,0.0,0.0,0.0,0.0,0.0,0.0,0.0
1.0917866499949014,0.192,0.144,1.564,-0.020649193160665533,0.06564892791474514,1.0203153885641754,-0.9671090364790149,-0.17935128333152608,0.1803697001382609,-0.03280159759373816,0.7911216614878968,0.6107786603344362,-0.252238313417946,0.5847731473759415,-0.7709839164029983,-0.9763872826174804,-0.15413842993894336,-0.15135791607580315,-0.15413842993894336,0.7094901970173683,-0.7047098938622461,-0.15135791607580315,-0.6876518048781753,-0.6931628572953485,0.0,0.0,0.0,0.0,0.0,0.0,0.0,0.0,0.0
1.1085406889906153,0.015597370000000027,-0.07086769000000001,1.04956592,-0.019616982214782492,0.06514494318559906,1.0324272089252537,-0.9613530430364058,-0.19699014237334678,0.1923413903775551,-0.05099935028634274,0.8139386283921471,0.5787080226517354,-0.27055386324170905,0.5465334326633999,-0.7925287465235236,-0.9711103060504999,-0.17399506808709758,-0.16331102156275526,-0.17399506808709758,0.7382441106159418,-0.6742693476967203,-0.16331102156275526,-0.6517064902410008,-0.7202016085741331,-0.80739,0.57894,-0.11384,0.26199,0.52465,0.81,0.52867,0.62416,-0.57527
1.125362614999176,0.192,0.144,1.564,-0.017774541772691266,0.06341178262438353,1.024983233105651,-0.9544914565203838,-0.19509500584935635,0.22557481712778982,-0.03448549405281194,0.8234827652993,0.5662922266418207,-0.29623775945940733,0.5327420332089983,-0.7927352117339137,-0.9640777752163451,-0.17514165835077866,-0.1996983796730501,-0.17514165835077866,0.7509322001593883,-0.6603792043423193,-0.1996983796730501,-0.636730893136118,-0.7238921629829704,0.0,0.0,0.0,0.0,0.0,0.0,0.0,0.0,0.0
1.1421750899899052,0.192,0.144,1.564,-0.015649942886064507,0.0625782106266752,1.0253824734379866,-0.9380392198646794,-0.20940230577205846,0.2761034160111189,-0.03765731306631753,0.8536485814912194,0.5194863098202439,-0.34447692051614864,0.47690122001875235,-0.8086413776058807,-0.9479509960038371,-0.19355480829219368,-0.25283481833462984,-0.19355480829219368,0.7891165360204948,-0.6142375603067589,-0.25283481833462984,-0.5829507944638099,-0.7475204172101892,0.0,0.0,0.0,0.0,0.0,0.0,0.0,0.0,0.0
1.1590694319893373,0.192,0.144,1.564,-0.013831435219700735,0.062150915644404,1.04680114015947,-0.9412735442585635,-0.19584169300971455,0.27504571648729764,-0.036438997013917104,0.8687632699949134,0.4938851892943992,-0.3356729276774371,0.45485867254217927,-0.8248801571365532,-0.9497045217302684,-0.18265755386075064,-0.25435711002975514,-0.18265755386075064,0.808288768522877,-0.5887820306834879,-0.25435711002975514,-0.5597369781400712,-0.7672275939521072,0.0,0.0,0.0,0.0,0.0,0.0,0.0,0.0,0.0
1.1757474779878976,0.192,0.144,1.564,-0.010916721114503944,0.05965143019169072,1.0187779527180072,-0.9160892237319798,-0.22277274523082582,0.33339591800809476,-0.03944173782001556,0.8774955772828348,0.4779601041580783,-0.3990299280503604,0.42470438640469144,-0.8126507864321172,-0.9243391854774724,-0.21269023936466236,-0.31679635772818715,-0.21269023936466236,0.8213922311790572,-0.5703271097334934,-0.31679635772818715,-0.5292236433094157,-0.7578700783334793,0.0,0.0,0.0,0.0,0.0,0.0,0.0,0.0,0.0
1.1925015099986922,0.192,0.144,1.564,-0.007307276679820204,0.05579119493133866,0.9872672019610881,-0.8891268962796367,-0.24689275311801007,0.3853535140230973,-0.0262456729166098,0.8681281550231803,0.49564571127893686,-0.4569075693893618,0.4305780706374377,-0.7783559584925442,-0.8962630379519717,-0.23926585555086838,-0.3734493502051029,-0.23926585555086838,0.8128934803622212,-0.581856730872329,-0.3734493502051029,-0.5309953295012175,-0.7224806762605852,0.0,0.0,0.0,0.0,0.0,0.0,0.0,0.0,0.0
1.2093170109874336,0.192,0.144,1.564,-0.006443449195966952,0.05781447109821213,1.0384826403420648,-0.9186705527449145,-0.20747270037760374,0.33615397382357154,-0.02187341883699509,0.8763812888304862,0.48112097245515784,-0.39441852018856155,0.43463883303938733,-0.8096438202978053,-0.9236160796284553,-0.20132467922744554,-0.3261927512771079,-0.20132467922744554,0.8228032764077823,-0.5679297996053386,-0.3261927512771079,-0.5314726162904205,-0.7556811706894058,0.0,0.0,0.0,0.0,0.0,0.0,0.0,0.0,0.0
1.2261095279973233,0.192,0.144,1.564,-0.003272884665357642,0.05391707996979358,1.0068648708614358,-0.8961263465916292,-0.2280619408533301,-0.3807168528953655,0.022312791635346663,0.8336210013927292,-0.5518860075834684,0.4432377581770046,-0.5030544475215328,-0.7419410438539091,-0.8924744540327694,-0.231784448898759,0.3869952430555301,-0.231784448898759,0.8831652056184421,0.4683246450537466,0.3869952430555301,0.4077930710956632,-0.7942963607418035,0.0,0.0,0.0,0.0,0.0,0.0,0.0,0.0,0.0
1.2429156029975275,0.192,0.144,1.564,0.0004153427374895937,0.05450272688254936,1.0246233731585959,-0.875324193202907,-0.23555870525258216,0.42227911761464954,-0.02558925463241757,0.8946567014227893,0.44602082535084747,-0.48285893058018214,0.3796070112353314,-0.7891424270560681,-0.8751241916252307,-0.23573499654766655,-0.42259514980056023,-0.23573499654766655,0.8495285483260594,-0.5269207294695752,-0.42259514980056023,-0.4719430654026907,-0.7374061867249911,0.0,0.0,0.0,0.0,0.0,0.0,0.0,0.0,0.0
