Time,xQTM,yQTM,zQTM,xCV0,yCV0,zCV0,v0R11,v0R12,v0R13,v0R21,v0R22,v0R23,v0R31,v0R32,v0R33,v1R11,v1R12,v1R13,v1R21,v1R22,v1R23,v1R31,v1R32,v1R33,qtmR11,qtmR12,qtmR13,qtmR21,qtmR22,qtmR23,qtmR31,qtmR32,qtmR33,xCV1,yCV1,zCV1
0.0,0.05218397999999999,-0.02667613000000002,1.35419713,0.028369335,0.047667764,1.4298953,0.88872975,0.37122965,-0.26897573,0.41605246,-0.8995338,0.13318898,-0.19250907,-0.23027703,-0.9538935,0.8951322,0.38128704,0.23099473,0.38128704,-0.8827209,-0.19668162,0.23099473,0.2746343,-0.95286816,0.84623,0.38661,-0.36663,0.3968,-0.91651,-0.05058,-0.35558,-0.10268,-0.92899,0.028577674,0.047530286,1.4298953
0.01673641099478118,0.056896870000000016,-0.02551734,1.33315641,0.03639574,0.046597898,1.4014845,0.84128785,0.39125577,-0.3730331,0.35480398,-0.9202591,-0.16503744,-0.40785897,0.006490353,-0.91302186,0.86055,0.39199466,0.3252597,0.39199466,-0.9192957,0.10275013,0.3252597,0.03515042,-0.9400258,0.8466,0.37998,-0.37267,0.39241,-0.91868,-0.04525,-0.35956,-0.10793,-0.92686,0.036677197,0.046699367,1.4012022
0.03354700998170301,0.06648898,-0.023249130000000007,1.28737265,0.04460191,0.043898877,1.3702979,0.8677611,0.38235515,-0.31748262,0.37148777,-0.9233886,-0.09669741,-0.33013257,-0.03403066,-0.94332093,0.88668084,0.385655,0.25508302,0.385655,-0.9202107,0.03660507,0.25508302,0.06695085,-0.96622604,0.85418,0.36457,-0.37075,0.38063,-0.92418,-0.03183,-0.35425,-0.11393,-0.92819,0.04484638,0.043952484,1.3701453
0.05065195998759009,0.07493525,-0.020251970000000008,1.23632738,0.050374147,0.041065857,1.315621,0.87399864,0.36689848,-0.3186093,0.35649952,-0.9296895,-0.09265758,-0.33020368,-0.03260147,-0.94334656,0.89589196,0.37050033,0.24516737,0.37050033,-0.92681515,0.034049086,0.24516737,0.061181184,-0.9688827,0.85704,0.34592,-0.38186,0.37174,-0.92831,-0.0066,-0.35677,-0.1363,-0.9242,0.050624274,0.041118864,1.3154598
0.06722973799332976,0.07871854,-0.018544540000000026,1.20899651,0.05577259,0.037733868,1.2436036,0.86174095,0.39248917,-0.3214884,0.33513108,-0.9160996,-0.2201106,-0.38090643,0.08193755,-0.92097586,0.891539,0.3860051,0.23697743,0.3860051,-0.9203979,0.16408806,0.23697743,-0.062191352,-0.95755774,0.85716,0.33684,-0.38964,0.3682,-0.92973,0.00625,-0.36015,-0.14882,-0.92095,0.056017846,0.037903033,1.2431803
0.08400385899585672,0.08449767,-0.013897760000000009,1.15123871,0.061230704,0.03426691,1.1869427,0.92550915,0.36241204,0.1099558,0.3368009,-0.9203793,0.19866347,0.17319907,-0.14683166,-0.9738802,0.9015053,0.3784486,-0.2099163,0.3784486,-0.91153306,-0.25380412,-0.2099163,0.16088529,-0.94420266,0.84892,0.31762,-0.42243,0.36715,-0.92934,0.03909,-0.38017,-0.18828,-0.90555,0.06105262,0.03402936,1.186635
0.10068572600721382,0.0892424,-0.007995420000000003,1.08997329,0.06600127,0.029136004,1.1471883,0.8413936,0.3819195,-0.38235366,0.30863434,-0.9203654,-0.2401508,-0.44362336,0.08405387,-0.892263,0.8857287,0.37244967,0.27706656,0.37244967,-0.9245246,0.19390775,0.27706656,-0.08084227,-0.9410812,0.85095,0.2925,-0.43627,0.36063,-0.92924,0.0804,-0.38188,-0.22575,-0.89622,0.06629962,0.029339213,1.146627
0.11751461098901927,0.09196373,-0.005633170000000021,1.05842525,0.067010865,0.022925511,1.0794328,0.88149357,0.38573164,-0.2723604,0.2929902,-0.8991334,-0.32513973,-0.37030503,0.20680965,-0.9055959,0.91980904,0.35946637,0.15727429,0.35946637,-0.9079222,0.28662995,0.15727429,-0.21554856,-0.945044,0.8624,0.29329,-0.4126,0.35859,-0.92925,0.08897,-0.35731,-0.22468,-0.90656,0.06720519,0.023241136,1.0788345
0.1343239749839995,0.09201037,0.0041100000000000025,0.9940492900000001,0.0708705,0.016526643,1.0644552,0.885132,0.35875964,-0.29636607,0.2912061,-0.9238032,-0.24856922,-0.36296055,0.13371296,-0.92216074,0.9247628,0.33980605,0.1713056,0.33980605,-0.92819595,0.21958476,0.1713056,-0.15160516,-0.9604358,0.84448,0.25568,-0.47061,0.35976,-0.92174,0.1448,-0.39676,-0.29159,-0.87038,0.07110147,0.01677903,1.0640215
0.15126152598531917,0.09124201,0.014509350000000004,0.92903117,0.07073743,0.00697845,1.0191224,0.85489637,0.36733478,-0.36635682,0.23125523,-0.90194416,-0.36471602,-0.46440628,0.22707248,-0.8560169,0.9109428,0.33303696,0.24345349,0.33303696,-0.90522534,0.3529582,0.24345349,-0.2639195,-0.90341073,0.82753,0.23756,-0.50869,0.37041,-0.9119,0.17673,-0.42189,-0.33467,-0.84262,0.07105948,0.0073648,1.0189978
0.16792880900902674,0.09002925,0.020531229999999984,0.8975375400000001,0.068159394,-0.002846378,0.9543633,0.89133793,0.33882788,0.301185,0.202665,-0.8921043,0.40382764,0.4055165,-0.29890722,-0.863835,0.8243659,0.37762496,-0.4216874,0.37762496,-0.8939137,-0.39820784,-0.4216874,0.2414906,-0.81462276,0.81426,0.22282,-0.53603,0.37765,-0.90461,0.19766,-0.44086,-0.36338,-0.82073,0.06772403,-0.0032851412,0.9538549
0.33595516000059433,0.041308960000000006,0.1291107,0.55371557,0.017388321,-0.1246201,0.6228462,0.6853984,0.4074337,-0.6035121,0.06312175,-0.85893285,-0.50818306,-0.72542727,0.31021312,-0.6144291,0.72383434,0.38107413,0.5751924,0.38107413,-0.6696984,0.7114889,0.5751924,-0.6374061,-0.4036548,0.67653,0.06186,-0.73381,0.43008,-0.84206,0.32553,-0.59777,-0.53582,-0.59629,0.017960886,-0.12378729,0.6219054
0.35272118300781585,0.03714798999999999,0.13445369999999998,0.54209869,0.01323343,-0.1278104,0.5982806,0.6810242,0.41006464,-0.6066737,0.067194715,-0.8599944,-0.50586015,-0.72917134,0.30373773,-0.6132312,0.7126736,0.3884546,0.5841228,0.3884546,-0.6566293,0.7180805,0.5841228,-0.64648354,-0.3783662,0.67,0.05806,-0.74009,0.43177,-0.84144,0.32487,-0.60388,-0.53722,-0.58883,0.013833125,-0.12701118,0.5976331
0.36952194198966026,0.03532655000000001,0.13640453,0.5382266400000002,0.009250044,-0.1296345,0.5811577,0.67507905,0.40577918,-0.61612624,0.06803725,-0.8658319,-0.49568745,-0.7346014,0.2927087,-0.61211306,0.6977858,0.3906448,0.6004095,0.3906448,-0.6565001,0.71307456,0.6004095,-0.64529395,-0.3619849,0.66783,0.05724,-0.74211,0.43282,-0.84101,0.32462,-0.60554,-0.53799,-0.58642,0.009868934,-0.12874365,0.580139
0.3864249269827269,0.032465929999999976,0.13895969,0.53405893,0.0061690668,-0.12498811,0.54525363,0.66286415,0.4062854,-0.62892234,0.05437607,-0.8638783,-0.5007569,-0.7467626,0.29773548,-0.59472615,0.6788404,0.39565778,0.61857146,0.39565778,-0.64626366,0.7127037,0.61857146,-0.65253216,-0.33079118,0.66468,0.05749,-0.74491,0.4348,-0.84057,0.32309,-0.60758,-0.53864,-0.58371,0.00681394,-0.124007605,0.54392827
0.4031972849916201,0.031056729999999977,0.13976448,0.5344696100000002,0.004545755,-0.1252454,0.53958,0.6672979,0.40974388,-0.62195134,0.065574,-0.86414725,-0.49894845,-0.7418986,0.29216343,-0.6035122,0.67852014,0.40234768,0.61459476,0.40234768,-0.64633095,0.71559465,0.61459476,-0.6483615,-0.33196017,0.66326,0.05902,-0.74605,0.43527,-0.84135,0.32041,-0.60878,-0.53725,-0.58373,0.00519933,-0.12415824,0.5378781
0.4200174639991019,0.03122063,0.1388226,0.53931649,0.0045940457,-0.12608653,0.5451495,0.6737006,0.39659265,-0.6235718,0.062558405,-0.8713768,-0.48660955,-0.7363518,0.2888195,-0.6118573,0.6860625,0.3883967,0.6151961,0.3883967,-0.65447015,0.70827544,0.6151961,-0.64870393,-0.3462365,0.66392,0.06301,-0.74515,0.43436,-0.84361,0.31568,-0.60872,-0.53324,-0.58746,0.005265069,-0.12517454,0.5441949
0.4367680200084578,0.03182125999999999,0.13773809999999997,0.5432872200000001,0.005094778,-0.12464037,0.5506281,0.67999285,0.38269234,-0.62542486,0.056650586,-0.87785715,-0.47556025,-0.73102695,0.2879469,-0.61861634,0.6933788,0.37379056,0.61604095,0.37379056,-0.6666572,0.6981977,0.61604095,-0.64486337,-0.36471018,0.66495,0.06605,-0.74396,0.43334,-0.8454,0.31226,-0.60832,-0.53003,-0.59077,0.0057773725,-0.123734884,0.5496685
0.4536698439915199,0.033988640000000014,0.13462346,0.55395021,0.006666698,-0.12733983,0.5848808,0.67343104,0.39693877,-0.6236427,0.07330312,-0.8753133,-0.4779679,-0.73560673,0.27616346,-0.61856,0.6893133,0.3868845,0.6125092,0.3868845,-0.6796847,0.6945959,0.6125092,-0.6231766,-0.3773182,0.6696,0.07252,-0.73917,0.43063,-0.84877,0.30683,-0.60513,-0.52376,-0.59957,0.007305874,-0.12636694,0.58340985
0.4703593739832286,0.03714215999999998,0.13045246,0.5677444300000001,0.0099314675,-0.12615654,0.60693425,0.675661,0.3930262,-0.6237088,0.082105495,-0.880891,-0.46614346,-0.732626,0.26374504,-0.6274533,0.69846827,0.37904108,0.6070172,0.37904108,-0.70054775,0.68138665,0.6070172,-0.60461617,-0.4089527,0.67719,0.08075,-0.73136,0.42815,-0.8516,0.30242,-0.59841,-0.51793,-0.61127,0.010560525,-0.12519673,0.6053824
0.4871646050014533,0.038927619999999996,0.12806637999999998,0.57569177,0.012918512,-0.1211345,0.6181679,0.6746514,0.39149106,-0.6257637,0.08241579,-0.8824126,-0.46320152,-0.73352104,0.26092675,-0.62758595,0.7044884,0.3735511,0.6034531,0.3735511,-0.715479,0.6708044,0.6034531,-0.59038067,-0.43112162,0.68086,0.08523,-0.72744,0.42697,-0.85317,0.29967,-0.59508,-0.51463,-0.61728,0.013550412,-0.12028372,0.61703444
0.5039966469921637,0.04286729,0.12283703999999998,0.5934555100000001,0.016561551,-0.11738314,0.6406724,0.6751586,0.38487017,-0.62931377,0.10213562,-0.8936624,-0.4369621,-0.7305677,0.23074336,-0.64267284,0.71229357,0.36433518,0.5999148,0.36433518,-0.7503729,0.64210284,0.5999148,-0.5515436,-0.47729045,0.68966,0.09482,-0.7179,0.42385,-0.85668,0.29403,-0.58713,-0.50706,-0.631,0.01721512,-0.11666695,0.64007294
0.5207602809823584,0.04707049000000002,0.11721351999999999,0.6135078700000001,0.020501003,-0.112002514,0.6568915,0.7005795,0.36309165,-0.6142905,0.098789036,-0.9019262,-0.42044002,-0.70670295,0.23386651,-0.6677405,0.7429677,0.3390135,0.57712114,0.3390135,-0.77023935,0.62372446,0.57712114,-0.5401862,-0.5271613,0.69824,0.10458,-0.70818,0.42019,-0.8608,0.28717,-0.57957,-0.49808,-0.64499,0.021141844,-0.11121202,0.6558154
0.5375924519903492,0.04917099,0.11428358999999999,0.6242681600000001,0.024526931,-0.10640838,0.6778255,0.72098863,0.37598014,-0.5820776,0.11812451,-0.8943942,-0.43139958,-0.6828045,0.24227655,-0.68926054,0.76874596,0.3479799,0.53660005,0.3479799,-0.7736687,0.6274795,0.53660005,-0.5294778,-0.56420726,0.70292,0.10954,-0.70278,0.41765,-0.86336,0.28317,-0.57573,-0.49256,-0.65262,0.025153233,-0.10570991,0.6773447
0.5543443170026876,0.05321387999999999,0.10831589999999999,0.6469805000000001,0.028174127,-0.09981414,0.6919087,0.7220525,0.3735855,-0.58230066,0.12049599,-0.89671576,-0.42588916,-0.6812642,0.23734944,-0.6924914,0.7753763,0.3431456,0.53013456,0.3431456,-0.78882176,0.6107918,0.53013456,-0.5099131,-0.58812475,0.71429,0.12071,-0.68937,0.41341,-0.86757,0.27643,-0.5647,-0.48244,-0.6696,0.028765205,-0.09902878,0.69068694
0.5711285019933712,0.05674495999999998,0.10233021999999999,0.6707832,0.030777039,-0.09254698,0.69915104,0.72787195,0.37832987,-0.57189935,0.12349519,-0.89270955,-0.43338042,-0.6745008,0.24481866,-0.6965002,0.7850948,0.3453426,0.5141641,0.3453426,-0.794181,0.60582817,0.5141641,-0.5000151,-0.6071306,0.7275,0.13227,-0.67324,0.4086,-0.87178,0.27026,-0.55117,-0.4717,-0.68826,0.031380586,-0.09185336,0.69853944
0.5881363980006427,0.05822524000000001,0.09928029999999999,0.68282486,0.03390013,-0.08731341,0.72234225,0.7399806,0.37938318,-0.5554252,0.13861012,-0.8940391,-0.42600626,-0.65819144,0.2382488,-0.71415794,0.79960734,0.34540957,0.49124363,0.34540957,-0.8070977,0.59025246,0.49124363,-0.47883776,-0.6405324,0.73625,0.13873,-0.66233,0.40299,-0.87617,0.26445,-0.54362,-0.46162,-0.70099,0.034477074,-0.08662361,0.7216105
0.604859070997918,0.06062136000000001,0.09309726999999998,0.70701468,0.036194626,-0.08109064,0.7386156,0.744323,0.37555844,-0.55221295,0.14380413,-0.8976254,-0.41664013,-0.6521531,0.23070432,-0.72213006,0.80525416,0.3420055,0.48435313,0.3420055,-0.82225114,0.56908274,0.48435313,-0.4549015,-0.66449,0.74079,0.15503,-0.6536,0.3968,-0.88609,0.23956,-0.54201,-0.43681,-0.71793,0.03673931,-0.0803699,0.7373581
0.6215791839931626,0.06282361,0.08757500999999998,0.7320971100000001,0.037832335,-0.07615191,0.759038,0.7403705,0.3836306,-0.55197746,0.17697981,-0.90342754,-0.39050838,-0.6484826,0.19143201,-0.736766,0.8025695,0.35385007,0.4802836,0.35385007,-0.84374714,0.53418356,0.4802836,-0.40358505,-0.69568354,0.76386,0.15855,-0.6256,0.38381,-0.89091,0.24284,-0.51885,-0.42561,-0.74138,0.0384076,-0.0755391,0.7583917
0.6384200619941112,0.06391652,0.08483487999999999,0.7442919900000001,0.0410104,-0.07261265,0.79515606,0.8069518,0.37788782,-0.45390484,0.19427936,-0.89559156,-0.40021402,-0.55774933,0.23476908,-0.79611504,0.86149883,0.34355032,0.37388888,0.34355032,-0.8349224,0.54158986,0.37388888,-0.42997417,-0.7529193,0.76648,0.17676,-0.61747,0.39796,-0.8853,0.24057,-0.50412,-0.43012,-0.7489,0.04148267,-0.07198316,0.79456913
0.6550800190016162,0.06543770000000002,0.08031821999999998,0.76934718,0.040813006,-0.06591364,0.7853815,0.8094346,0.359952,-0.46395063,0.18823424,-0.907451,-0.37563366,-0.5562225,0.21671948,-0.8022775,0.86429065,0.32764405,0.3816425,0.32764405,-0.85537714,0.50829756,0.3816425,-0.4012223,-0.77199906,0.79438,0.17942,-0.58032,0.39416,-0.87918,0.26773,-0.46217,-0.44141,-0.76912,0.04130549,-0.06529968,0.78468627
0.6718934240052477,0.06696339000000001,0.07624871,0.79454404,0.04370554,-0.063628405,0.826812,0.8277725,0.38039532,-0.41242224,0.20323288,-0.8884425,-0.4115413,-0.52296185,0.25684482,-0.8127371,0.8801318,0.34379318,0.32737488,0.34379318,-0.83564925,0.53420955,0.32737488,-0.428365,-0.7793881,0.8221,0.19239,-0.53585,0.39555,-0.86994,0.29452,-0.4095,-0.45408,-0.79128,0.04414079,-0.063045174,0.82664657
0.6886982609867118,0.06782514,0.07364673,0.8067562500000001,0.043934982,-0.05916291,0.8504546,0.8399993,0.37747312,-0.389763,0.20239282,-0.88447744,-0.4204007,-0.50342655,0.27425107,-0.8193583,0.888863,0.3408473,0.3061791,0.3408473,-0.83562905,0.5318779,0.3061791,-0.43075192,-0.78953165,0.83951,0.20734,-0.50223,0.38825,-0.87555,0.28753,-0.38012,-0.43638,-0.81553,0.044345498,-0.058598712,0.8504546
0.7055187179939821,0.06819482,0.06930903,0.8322763700000001,0.043616164,-0.05324928,0.85087997,0.8564416,0.362266,-0.36779222,0.2111309,-0.8959246,-0.39082327,-0.4710961,0.257065,-0.8437927,0.9010821,0.32870153,0.282854,0.32870153,-0.8549971,0.49439445,0.282854,-0.40116742,-0.8219293,0.8343,0.21537,-0.5075,0.40689,-0.86168,0.30323,-0.37199,-0.45948,-0.80654,0.043995373,-0.052685253,0.85052913
0.7223109919868875,0.06879077,0.06542137999999999,0.85852487,0.043471754,-0.049722012,0.8682605,0.86170924,0.38633743,-0.3289385,0.22493476,-0.87195504,-0.43485487,-0.45482033,0.30072877,-0.83827245,0.9036823,0.34978878,0.24699418,0.34978878,-0.8296714,0.52965754,0.24699418,-0.4350784,-0.8114535,0.84673,0.22477,-0.4822,0.41046,-0.85264,0.3233,-0.33848,-0.47168,-0.81422,0.043758508,-0.049085777,0.8671729
0.7391141089901794,0.06913604,0.06349523999999998,0.87198525,0.045542,-0.047167514,0.9091207,0.8750706,0.37117723,-0.31061065,0.24527282,-0.8933417,-0.3765392,-0.41724426,0.25331402,-0.87277675,0.9134861,0.33952558,0.22419958,0.33952558,-0.8604891,0.46622905,0.22419958,-0.3798433,-0.8557833,0.85151,0.22909,-0.47164,0.41133,-0.84969,0.3299,-0.32517,-0.47492,-0.81775,0.045833427,-0.046639413,0.9086051
0.7559582369867712,0.06945504,0.05882958999999999,0.8980119,0.04541509,-0.043278456,0.922109,0.8561373,0.3740792,-0.3565021,0.24810074,-0.90273947,-0.3514363,-0.4532935,0.21242927,-0.86567825,0.8975399,0.3473258,0.27163747,0.3473258,-0.87719226,0.4324749,0.27163747,-0.3315095,-0.8597549,0.86651,0.24429,-0.43529,0.39512,-0.86858,0.29908,-0.30502,-0.43115,-0.84916,0.045754984,-0.042793892,0.92155665
0.7727397340058815,0.06977805,0.05572592999999999,0.9257677900000001,0.046797533,-0.040910684,0.9645558,0.90256566,0.36094257,-0.23472467,0.26755103,-0.89732057,-0.3510445,-0.3373302,0.2540399,-0.9064613,0.93209994,0.33094507,0.14719054,0.33094507,-0.87130535,0.42695814,0.14719054,-0.36235675,-0.8922117,0.87019,0.2578,-0.41988,0.39618,-0.87276,0.2852,-0.29293,-0.41453,-0.8616,0.047019683,-0.04045696,0.9645558
0.7895086990029085,0.06941364,0.05469964999999999,0.93969309,0.045542724,-0.037708506,0.963657,0.88408643,0.3754262,-0.27829188,0.26824987,-0.89530814,-0.35561967,-0.38266593,0.23974678,-0.8922378,0.9174394,0.34760687,0.19358315,0.34760687,-0.8724085,0.42534825,0.19358315,-0.34361735,-0.8840839,0.87262,0.26162,-0.41243,0.39445,-0.87546,0.27924,-0.28801,-0.40636,-0.86714,0.045805424,-0.03725132,0.96347064
0.8064137699839193,0.07210340999999999,0.051846269999999986,0.9672935400000001,0.040679485,-0.03369612,0.91727465,0.853024,0.4060092,-0.3278819,0.22870886,-0.855572,-0.46442312,-0.46908665,0.3211746,-0.82268137,0.89247686,0.37265554,0.25419065,0.37265554,-0.8280984,0.52512294,0.25419065,-0.41878498,-0.81217796,0.88419,0.3222,-0.33823,0.41985,-0.86555,0.27304,-0.20478,-0.38343,-0.90058,0.04098377,-0.033129446,0.9168394
0.8231262659828644,0.19,0.143,1.564,0.042981114,-0.036767974,1.0143683,0.9019993,0.36188078,-0.23545612,0.26179466,-0.8921168,-0.36822703,-0.34330866,0.27049938,-0.8994272,0.92861134,0.33493933,0.15967669,0.33493933,-0.8688581,0.43364775,0.15967669,-0.36455616,-0.88682187,0.0,0.0,0.0,0.0,0.0,0.0,0.0,0.0,0.0,0.043166783,-0.036299337,1.0136243
0.8400762880046386,0.19,0.143,1.564,0.04004125,-0.03509575,1.0142717,0.88503915,0.37536916,-0.2753247,0.26417813,-0.8919705,-0.36687675,-0.38329574,0.25196552,-0.88859314,0.91274774,0.3523882,0.20667383,0.3523882,-0.8718386,0.42701653,0.20667383,-0.34017634,-0.8803084,0.0,0.0,0.0,0.0,0.0,0.0,0.0,0.0,0.0,0.040297586,-0.034658954,1.014127
0.8568328709807247,0.06320893,0.043578249999999985,1.03002643,0.03781054,-0.03568937,1.0446042,0.87841153,0.3851296,-0.28296354,0.28732005,-0.89872265,-0.3312775,-0.3818905,0.20969686,-0.9001038,0.9044965,0.3666934,0.21776602,0.3666934,-0.88147724,0.392264,0.21776602,-0.29754642,-0.89370406,0.89804,0.34522,-0.27268,0.36153,-0.9323,0.01035,-0.25065,-0.10788,-0.96205,0.038079124,-0.03530098,1.0446042
0.8736423609952908,0.058376380000000005,0.05330567999999998,1.05389616,0.035753723,-0.036006156,1.0645278,0.9029934,0.35894188,0.23614337,0.26847735,-0.90048605,0.34211802,0.3354443,-0.24553117,-0.9095007,0.8793752,0.37241447,-0.29665923,0.37241447,-0.91414243,-0.2807764,-0.29665923,0.16015938,-0.91277486,0.91708,0.26368,-0.29905,0.33504,-0.91626,0.21956,-0.21612,-0.30155,-0.92863,0.035465967,-0.036336426,1.064443
0.8904406930087134,0.05365069,0.05433674999999999,1.07597794,0.03105846,-0.036818083,1.0777994,0.87480044,0.3966553,-0.27818835,0.2953741,-0.89179355,-0.342722,-0.38402906,0.21764372,-0.8973031,0.8957215,0.3819473,0.22759455,0.3819473,-0.8738863,0.40432104,0.22759455,-0.30073076,-0.88584715,0.91855,0.27362,-0.2853,0.33758,-0.91848,0.20598,-0.20568,-0.28551,-0.93604,0.03128627,-0.03639169,1.0766386
0.9072091589914635,0.05082263000000001,0.05502510999999999,1.08639149,0.025119534,-0.035530284,1.039351,0.86475545,0.40103745,0.3022698,0.24210063,-0.86025244,0.44872373,0.43998334,-0.3148566,-0.8409994,0.84227586,0.41468003,-0.34440076,0.41468003,-0.8793545,-0.38973323,-0.34440076,0.23404314,-0.8541055,0.91812,0.27926,-0.2812,0.34037,-0.91909,0.19856,-0.203,-0.27801,-0.93888,0.024779236,-0.035940513,1.0388823
0.923971865006024,0.04405985999999998,0.05669055999999999,1.10559919,0.021625087,-0.04023993,1.1391377,0.89244944,0.37652647,-0.2485193,0.32858354,-0.9199503,-0.21383233,-0.30913895,0.1091752,-0.9447295,0.9038666,0.370934,0.21315046,0.370934,-0.90939325,0.28059924,0.21315046,-0.18818049,-0.9358584,0.91175,0.29942,-0.28119,0.35643,-0.91696,0.17929,-0.20416,-0.26369,-0.94276,0.021854114,-0.039967842,1.1386625
0.9406887179939076,0.037125850000000016,0.058405789999999985,1.12272962,0.016043378,-0.04179554,1.143055,0.85843205,0.41453284,-0.3020877,0.35134113,-0.9042957,-0.242505,-0.37370288,0.10203823,-0.92191887,0.8690247,0.41054636,0.2761299,0.41054636,-0.8940381,0.3092973,0.2761299,-0.17929745,-0.9099931,0.91261,0.29981,-0.27794,0.35341,-0.92032,0.1677,-0.20552,-0.25127,-0.94585,0.01633288,-0.041518964,1.143055
0.9575549479923211,0.033465350000000005,0.05976663999999998,1.13057409,0.010411937,-0.043667972,1.1429662,0.86024904,0.41400668,-0.29760712,0.35175326,-0.9044293,-0.24140674,-0.36910862,0.10298564,-0.9236627,0.86716163,0.41139948,0.28067985,0.41139948,-0.8936804,0.31119457,0.28067985,-0.17912504,-0.90795195,0.91045,0.30562,-0.27871,0.3584,-0.91928,0.16273,-0.20648,-0.24804,-0.94649,0.010701462,-0.04339094,1.1429662
0.9743338119878899,0.02635577,0.06291956999999998,1.14485301,0.0034463813,-0.047253214,1.161347,0.8573006,0.4391933,-0.26859814,0.35853067,-0.8837568,-0.3007152,-0.36944756,0.16150266,-0.9151095,0.8598811,0.43784544,0.26248014,0.43784544,-0.86751354,0.37444425,0.26248014,-0.23603311,-0.8893232,0.90955,0.31612,-0.26978,0.36431,-0.91886,0.15156,-0.19997,-0.23613,-0.95092,0.003704064,-0.046924077,1.1613224
0.9910984169982839,0.01897718000000001,0.06755259999999999,1.15794196,-0.0022743957,-0.05106208,1.1612906,0.8590706,0.43837613,-0.26424244,0.35950166,-0.8842275,-0.29816148,-0.36435732,0.16114616,-0.9172108,0.8578996,0.43898842,0.2670157,0.43898842,-0.86664844,0.3777848,0.2670157,-0.23708579,-0.88655585,0.90364,0.33295,-0.26942,0.37538,-0.91855,0.1239,-0.20622,-0.21309,-0.95502,-0.0020165204,-0.050732423,1.1612656
1.0079281049838755,0.015285359999999998,0.07025875,1.16404766,-0.0075504333,-0.056109726,1.2042367,0.86841047,0.43658993,0.2350584,0.35938713,-0.8808084,0.30824897,0.34161982,-0.18320967,-0.92180806,0.87231106,0.4348204,-0.22361721,0.4348204,-0.8942373,-0.22142206,-0.22361721,0.106164426,-0.9491931,0.89969,0.34064,-0.27298,0.38091,-0.91807,0.10979,-0.21322,-0.20275,-0.95573,-0.007769889,-0.05634319,1.2037134
1.024720065004658,0.008120600000000006,0.07610101999999999,1.17543312,-0.014197651,-0.06176431,1.2028383,0.8540303,0.45236847,-0.25689492,0.3741346,-0.87720454,-0.30089113,-0.36146304,0.16085687,-0.91840595,0.84466106,0.45716617,0.2784723,0.45716617,-0.85687065,0.3923425,0.2784723,-0.23826833,-0.876653,0.88817,0.33375,-0.31586,0.37761,-0.92179,0.08781,-0.26185,-0.19726,-0.94473,-0.013947904,-0.061440684,1.2028474
1.0415071589814033,0.0013498200000000016,0.08307018999999999,1.1855122200000001,-0.020197367,-0.06945517,1.235083,0.8184013,0.44568688,-0.36274308,0.3886747,-0.8942692,-0.22184345,-0.4232627,0.040567905,-0.9050983,0.80358285,0.44838822,0.39141107,0.44838822,-0.88491637,0.32109964,0.39141107,-0.12598011,-0.86237603,0.88638,0.34408,-0.30974,0.38491,-0.91947,0.08007,-0.25724,-0.1902,-0.94745,-0.019859796,-0.06921129,1.235083
1.0583119360089768,-0.0006372900000000126,0.08459225999999999,1.19053264,-0.025268117,-0.07561118,1.2488151,0.8543156,0.45542485,0.25046578,0.36689374,-0.8697501,0.3300361,0.36814928,-0.19006063,-0.91013354,0.86747533,0.44955328,-0.21304546,0.44955328,-0.88738775,-0.21762787,-0.21304546,0.10219985,-0.9524966,0.90402,0.31965,-0.28385,0.34771,-0.93609,0.05326,-0.24869,-0.14685,-0.95739,-0.025473263,-0.075834066,1.2482593
1.0751092770078685,-0.007780570000000014,0.09186356999999999,1.19978879,-0.031633507,-0.08098286,1.2486941,0.8688598,0.44901747,-0.20848489,0.4074098,-0.8877816,-0.21415207,-0.28124708,0.101129346,-0.9542919,0.85212195,0.45649943,0.25592273,0.45649943,-0.8686749,0.33529463,0.25592273,-0.19238555,-0.90668684,0.9008,0.32944,-0.28289,0.35572,-0.93348,0.04563,-0.24904,-0.14174,-0.95807,-0.03140259,-0.080689296,1.2481368
1.0918917979870457,-0.015250979999999997,0.09866872999999998,1.20889247,-0.03717225,-0.08562731,1.2268456,0.81849235,0.4812541,-0.31379098,0.41039702,-0.871985,-0.26686403,-0.40205044,0.089647286,-0.9112183,0.79097104,0.48947436,0.3671235,0.48947436,-0.85303164,0.38983124,0.3671235,-0.18097474,-0.84454244,0.8963,0.341,-0.28347,0.36371,-0.93103,0.03003,-0.25368,-0.13002,-0.95851,-0.0368452,-0.085281335,1.2261282
1.1087095249968115,-0.019053059999999983,0.10206316999999998,1.21345875,-0.043980002,-0.092816174,1.2492318,0.83283085,0.48943907,-0.2585385,0.43545505,-0.86766934,-0.23985155,-0.34171864,0.08717387,-0.93575054,0.80470204,0.49881226,0.32193318,0.49881226,-0.8478574,0.37384763,0.32193318,-0.17978919,-0.86982584,0.89391,0.34704,-0.28372,0.36803,-0.92954,0.02252,-0.25591,-0.12455,-0.95864,-0.043716773,-0.09253677,1.2492318
1.1255072400090285,-0.026629050000000015,0.10892912999999999,1.2226163900000002,-0.050477035,-0.09853052,1.2704221,0.8275612,0.47896543,-0.29280472,0.4439818,-0.8776153,-0.18075283,-0.34354424,0.019584047,-0.93893224,0.79495984,0.48437777,0.3652629,0.48437777,-0.86715776,0.32075503,0.3652629,-0.11582574,-0.87389886,0.88897,0.35928,-0.28401,0.37724,-0.92607,0.0093,-0.25967,-0.1154,-0.95878,-0.05017382,-0.098288015,1.2702051
1.1422994309978094,-0.035237060000000014,0.12327875999999999,1.2293855500000002,-0.055651627,-0.10371606,1.2572765,0.8023486,0.49458146,-0.33410466,0.4454753,-0.8687806,-0.2162684,-0.39722598,0.024687273,-0.91738874,0.7612676,0.5010984,0.41154838,0.5010984,-0.8566134,0.3608561,0.41154838,-0.12293853,-0.8369055,0.81561,0.50549,-0.28153,0.55004,-0.82836,0.10618,-0.17954,-0.24145,-0.95366,-0.05532495,-0.10346152,1.2572765
1.159089253982529,-0.038470949999999976,0.12258102999999998,1.23546153,-0.06308669,-0.11151663,1.2942895,0.8426199,0.48905215,-0.22543234,0.46881697,-0.8721711,-0.13974331,-0.26495734,0.012063995,-0.96418464,0.8093323,0.49519706,0.31584978,0.49519706,-0.86118823,0.3013484,0.31584978,-0.11460691,-0.8996822,0.8495,0.44285,-0.28676,0.46935,-0.88259,0.02741,-0.24096,-0.15788,-0.95761,-0.06282458,-0.111284964,1.2939346
1.1759290699847043,-0.044357499999999994,0.12398227999999999,1.24632994,-0.06720005,-0.11688366,1.2970669,0.7623895,0.4934803,0.41861615,0.4012959,-0.86802,0.29240873,0.50766516,-0.0549404,-0.85980093,0.8069459,0.493183,-0.32497516,0.493183,-0.86853117,-0.13144082,-0.32497516,-0.049236108,-0.9365439,0.88097,0.36456,-0.30164,0.36016,-0.93009,-0.07224,-0.30689,-0.045,-0.95068,-0.06750907,-0.11704531,1.2967911
1.1927154919831082,-0.04974848000000001,0.12889404,1.25468694,-0.072849266,-0.12239211,1.2970786,0.80809534,0.4935235,-0.32158425,0.47934985,-0.86824936,-0.12793256,-0.34235305,-0.050769646,-0.93819875,0.76028776,0.49397352,0.42184442,0.49397352,-0.8674849,0.2982693,0.42184442,-0.058822706,-0.8562025,0.89123,0.34572,-0.29358,0.3315,-0.93829,-0.0986,-0.30955,-0.00944,-0.95084,-0.07251051,-0.1221781,1.2967998
1.209455143980449,-0.05249485999999998,0.13230897,1.25810165,-0.07711429,-0.12665722,1.2971606,0.8090669,0.49374777,-0.31878507,0.4801635,-0.86809635,-0.12590371,-0.3389008,-0.05120443,-0.9394277,0.7583921,0.49431312,0.4248482,0.49431312,-0.8671578,0.3019777,0.4248482,-0.06076106,-0.85341287,0.88971,0.35527,-0.28669,0.34292,-0.93465,-0.09402,-0.30136,-0.01467,-0.9534,-0.07677449,-0.12644126,1.2968799
1.2262503749807365,-0.057968430000000015,0.14024014999999998,1.26375875,-0.08163397,-0.13366958,1.3188901,0.8218618,0.4972734,-0.27796113,0.46645144,-0.8675059,-0.17279035,-0.32705697,0.012354411,-0.9449239,0.7697297,0.50574416,0.38953707,0.50574416,-0.8537357,0.35417154,0.38953707,-0.123928495,-0.8501902,0.87602,0.39739,-0.27328,0.39524,-0.91625,-0.06536,-0.27637,-0.05075,-0.95971,-0.081332214,-0.13341646,1.3186421
1.2431046929850709,-0.06292736999999998,0.14858471999999998,1.2685608400000001,-0.08762254,-0.14123577,1.3447226,0.8338936,0.50765,-0.216594,0.49065667,-0.86156017,-0.13026948,-0.25274006,0.0023576063,-0.9675313,0.787482,0.515355,0.33805522,0.515355,-0.8492188,0.32481912,0.33805522,-0.115051,-0.88329566,0.85707,0.4452,-0.25929,0.45467,-0.89029,-0.02574,-0.2423,-0.09583,-0.96546,-0.08733082,-0.1409545,1.3439423
1.2598303490085527,-0.06515022999999998,0.15259509999999998,1.2709493900000002,-0.073693946,-0.11917834,1.0960389,0.8428979,0.5040271,-0.18836094,0.4915367,-0.8636867,-0.11152128,-0.21889459,0.0014147379,-0.97574747,0.7994393,0.5121451,0.314013,0.5121451,-0.85054636,0.3149101,0.314013,-0.11949184,-0.8956715,0.84897,0.46293,-0.25485,0.47725,-0.87874,-0.00638,-0.22691,-0.11621,-0.96696,-0.07342303,-0.11894616,1.0960389
1.2766381709952839,-0.06882182999999997,0.15935817,1.27567048,-0.0899038,-0.14624123,1.3056434,0.83176833,0.51462567,-0.20813894,0.49876276,-0.85741335,-0.12679923,-0.24371526,0.0016556286,-0.9698454,0.78352004,0.523045,0.3354404,0.523045,-0.84370893,0.3340124,0.3354404,-0.120744206,-0.8808606,0.85117,0.47206,-0.22951,0.48846,-0.87242,0.0171,-0.19216,-0.12666,-0.97316,-0.08966031,-0.1460327,1.3056434
1.2934400929952972,-0.07270674999999999,0.16640895,1.2799874500000001,-0.09513809,-0.15488124,1.3339562,0.85011095,0.48179537,-0.21256667,0.46630788,-0.8762749,-0.12124074,-0.24468006,0.0039465697,-0.96959585,0.79983324,0.49177423,0.34412915,0.49177423,-0.86001897,0.33556098,0.34412915,-0.13610832,-0.8769116,0.85327,0.47413,-0.21711,0.49301,-0.86912,0.03957,-0.16994,-0.1408,-0.97534,-0.09489442,-0.15467899,1.3339562
1.310264839004958,-0.07687617000000002,0.17276227,1.28384282,-0.09868824,-0.16113594,1.3450493,0.83541286,0.5080608,-0.20966543,0.4932699,-0.8613194,-0.12171124,-0.24242564,-0.0017425114,-0.9701684,0.78281206,0.51732904,0.3457975,0.51732904,-0.84627116,0.34274065,0.3457975,-0.12726277,-0.87347174,0.85036,0.48064,-0.21419,0.4983,-0.86633,0.03428,-0.16909,-0.13588,-0.97619,-0.09838982,-0.1608384,1.3442656
1.3270744339970406,-0.07941132000000001,0.17577524,1.28556231,-0.10310762,-0.16555308,1.3450686,0.83599687,0.50809234,-0.2072472,0.4937124,-0.86130035,-0.12004055,-0.23949377,-0.001966985,-0.9708959,0.7808939,0.5179011,0.34926084,0.5179011,-0.8456354,0.34684226,0.34926084,-0.12914813,-0.8704696,0.84391,0.48732,-0.22436,0.50369,-0.86368,0.01864,-0.18469,-0.12874,-0.97433,-0.10280607,-0.16525161,1.344283
1.343908039998496,-0.08467257,0.1816841,1.28852938,-0.10779862,-0.17295413,1.3554783,0.820484,0.53460675,-0.20248877,0.51981694,-0.8450964,-0.124909565,-0.23790002,-0.0027707869,-0.9712857,0.76307285,0.5443273,0.34846458,0.5443273,-0.8294924,0.35923713,0.34846458,-0.12510054,-0.8657489,0.82849,0.50295,-0.24627,0.5157,-0.85665,-0.01461,-0.21831,-0.11489,-0.96909,-0.10756172,-0.17274338,1.3554783
1.360679020988755,-0.08923584000000001,0.18772527,1.29084616,-0.11324627,-0.17980434,1.3740519,0.81055784,0.52595276,-0.25762308,0.5293899,-0.8461249,-0.061797805,-0.25048402,-0.08629236,-0.96426725,0.7480913,0.5228405,0.40865305,0.5228405,-0.85104054,0.3003371,0.40865305,-0.048660766,-0.86185867,0.82068,0.51244,-0.25277,0.52317,-0.85176,-0.02817,-0.22973,-0.10912,-0.96712,-0.11293583,-0.17960064,1.3736858
1.3775545620010234,-0.09111853000000003,0.19077153,1.29182884,-0.114448376,-0.18140647,1.3480947,0.8023705,0.5153296,-0.30105975,0.5070291,-0.8546682,-0.11164114,-0.31483817,-0.06306849,-0.94704765,0.7279205,0.5167872,0.45062488,0.5167872,-0.8523398,0.3505673,0.45062488,-0.08029888,-0.82099926,0.81987,0.51463,-0.25093,0.52493,-0.85063,-0.02942,-0.22859,-0.1076,-0.96756,-0.114111856,-0.18117136,1.3478076
1.394287055998575,-0.09418557999999999,0.19695216999999998,1.29366783,-0.1186619,-0.19100676,1.3746732,0.74611866,0.52396804,0.4108095,0.42558378,-0.849817,0.31094936,0.51204044,-0.05717126,-0.8570566,0.8112625,0.52666306,-0.25392747,0.52666306,-0.8454567,-0.057131864,-0.25392747,-0.08848127,-0.96553445,0.81973,0.51744,-0.24554,0.52701,-0.84931,-0.03037,-0.22426,-0.1045,-0.96891,-0.11890995,-0.19111502,1.3743112
1.411144621000858,-0.09645890000000001,0.20313921,1.29554381,-0.11895785,-0.19302152,1.3558085,0.82178754,0.53504074,-0.19595061,0.5220778,-0.8448051,-0.11721395,-0.22825432,-0.005976502,-0.9735832,0.75788414,0.54653037,0.35625294,0.54653037,-0.8261533,0.37744263,0.35625294,-0.13702314,-0.8547636,0.81831,0.5205,-0.24381,0.52862,-0.84808,-0.0363,-0.22567,-0.09918,-0.96914,-0.118720755,-0.19280595,1.3558085
1.427895275002811,-0.09739841999999999,0.20621307,1.29654687,-0.12236234,-0.20024711,1.3750691,0.81189233,0.5271928,-0.25079596,0.5319978,-0.84501725,-0.05407579,-0.24043526,-0.08951918,-0.9665284,0.7441803,0.5248122,0.41324064,0.5248122,-0.8488943,0.31864002,0.41324064,-0.06285415,-0.85305375,0.81569,0.52334,-0.2465,0.53016,-0.84678,-0.04343,-0.23146,-0.09526,-0.96817,-0.12205155,-0.200034,1.3747098
1.4448548599903006,-0.09879552999999996,0.21240739,1.29875848,-0.12326087,-0.20693368,1.375596,0.74422944,0.52559185,0.41215983,0.41878724,-0.84790814,0.32506767,0.5203266,-0.06931766,-0.8511494,0.81197405,0.52759254,-0.24968837,0.52759254,-0.844533,-0.050981212,-0.24968837,-0.091706246,-0.96698326,0.8074,0.53124,-0.25668,0.53427,-0.84289,-0.06392,-0.25031,-0.08553,-0.96438,-0.12350663,-0.20704247,1.3752401
1.4614818849950098,-0.09912837000000002,0.21889661,1.30114674,-0.12329095,-0.21149835,1.375926,0.7443011,0.52607584,0.41141236,0.4169932,-0.8472704,0.32901296,0.52166325,-0.07332855,-0.8499943,0.8120201,0.5278374,-0.24901998,0.5278374,-0.84423393,-0.049094383,-0.24901998,-0.09304174,-0.9672532,0.80216,0.53603,-0.2631,0.53524,-0.8408,-0.08112,-0.2647,-0.07575,-0.96135,-0.12353616,-0.21160728,1.3755722
1.4950275399896782,-0.09717914999999999,0.22949304999999998,1.30447733,-0.12346751,-0.22686017,1.4003733,0.82178766,0.5010247,-0.27136552,0.5370034,-0.84025145,0.07486584,-0.19050562,-0.20724802,-0.9595603,0.76189774,0.4812479,0.43348858,0.4812479,-0.87643194,0.22172873,0.43348858,0.016354945,-0.8734552,0.81076,0.52987,-0.24883,0.52863,-0.8453,-0.0776,-0.25145,-0.06862,-0.96543,-0.12313582,-0.22672063,1.3999175
1.5118307670054492,-0.09530709000000004,0.23681438999999999,1.30639671,-0.121131994,-0.23266752,1.3937141,0.83685935,0.5141993,-0.1877912,0.527629,-0.84906363,0.026430177,-0.1458563,-0.12120243,-0.9818533,0.7854167,0.51015425,0.35051852,0.51015425,-0.856839,0.28636175,0.35051852,-0.0746296,-0.8917027,0.81711,0.52474,-0.2387,0.52362,-0.84878,-0.07346,-0.24115,-0.06497,-0.96831,-0.12090257,-0.23255199,1.3937141
1.5286278429848608,-0.09450839,0.24043953,1.30725746,-0.12073374,-0.24309321,1.4182734,0.80997807,0.5152465,0.28010106,0.47660315,-0.8566314,0.19756538,0.34173822,-0.02652658,-0.93942076,0.8413682,0.5277537,-0.11651457,0.5277537,-0.8314646,0.131602,-0.11651457,-0.17361636,-0.98443145,0.81781,0.52376,-0.23845,0.522,-0.84957,-0.07579,-0.24227,-0.06249,-0.96819,-0.1208857,-0.24308886,1.4180658
1.5456571319955401,-0.09332495999999996,0.24748811999999998,1.30881454,-0.11757589,-0.24375902,1.3917196,0.79854786,0.51777774,-0.30696505,0.5466824,-0.837282,0.009858089,-0.251912,-0.17568454,-0.95166975,0.73104554,0.5059504,0.45780632,0.5059504,-0.8618303,0.30322173,0.45780632,-0.035535205,-0.83574516,0.81479,0.52569,-0.24446,0.52107,-0.84889,-0.08873,-0.25416,-0.05508,-0.96559,-0.11726502,-0.24363314,1.3917196
1.5622211619920563,-0.09206968999999998,0.25370541999999996,1.31014709,-0.11775106,-0.2527558,1.4041871,0.76652414,0.48475784,0.42124885,0.41996813,-0.87460417,0.242269,0.48586783,-0.008793934,-0.8739881,0.82219875,0.50219196,-0.26794112,0.50219196,-0.83701295,0.08829102,-0.26794112,-0.21728444,-0.95938116,0.81652,0.52674,-0.2363,0.51774,-0.8492,-0.10395,-0.25542,-0.03747,-0.9661,-0.117998324,-0.2527456,1.4037473
1.57904891500948,-0.09176467999999999,0.25700354999999997,1.31060778,-0.11676493,-0.25600848,1.3962705,0.83718294,0.5151941,-0.18357508,0.52939034,-0.84763974,0.03539439,-0.13737056,-0.12681445,-0.9823683,0.7882904,0.51287454,0.33993825,0.51287454,-0.85272926,0.3076916,0.33993825,-0.09905825,-0.88868886,0.81786,0.52542,-0.2346,0.5163,-0.85008,-0.10397,-0.25406,-0.03609,-0.96651,-0.11654243,-0.25588724,1.3962705
1.5958366990089417,-0.09135973000000003,0.26360101,1.31136494,-0.11313417,-0.25713933,1.3695107,0.7155907,0.50215816,0.4855585,0.35928893,-0.86072344,0.3606475,0.59903365,-0.083620206,-0.7963456,0.790506,0.50791377,-0.3422337,0.50791377,-0.84765613,-0.03524793,-0.3422337,-0.15330586,-0.9389535,0.82531,0.51922,-0.22198,0.51232,-0.85382,-0.0923,-0.23745,-0.03755,-0.97067,-0.11341238,-0.2571839,1.3688564
1.612654085009126,-0.09183388000000003,0.2699747,1.31212564,-0.115175426,-0.2655821,1.3834772,0.81575364,0.49222532,-0.30374363,0.5244198,-0.8509513,0.02942471,-0.24398744,-0.18329248,-0.9522993,0.74953365,0.48244002,0.45326698,0.48244002,-0.87341094,0.31376767,0.45326698,-0.06636976,-0.83432543,0.8306,0.51452,-0.21301,0.50929,-0.85657,-0.08314,-0.22523,-0.03943,-0.97351,-0.11478546,-0.26527274,1.38251
1.6295665719953831,-0.09258192999999998,0.27297383,1.31257274,-0.11239557,-0.26285154,1.3434111,0.8140806,0.50052744,-0.29452512,0.53109246,-0.8468229,0.028839523,-0.23497565,-0.17989776,-0.9552085,0.74901265,0.49156922,0.44422936,0.49156922,-0.8677984,0.3216886,0.44422936,-0.07270236,-0.8361679,0.82957,0.51612,-0.21314,0.51041,-0.85568,-0.08544,-0.22647,-0.03791,-0.97328,-0.11208358,-0.26271978,1.3434111
1.6462393979891203,-0.09487327000000001,0.27872613,1.31345365,-0.09733455,-0.2274119,1.1409484,0.8362854,0.504262,-0.21528256,0.5319832,-0.84130305,0.09593264,-0.13274269,-0.19475377,-0.97182834,0.7856567,0.4928795,0.3739162,0.4928795,-0.8679237,0.27506968,0.3739162,-0.061467554,-0.88573325,0.82395,0.52116,-0.22249,0.5129,-0.85281,-0.09821,-0.24092,-0.0332,-0.96998,-0.09700414,-0.22724871,1.1406312
1.6630473249824718,-0.09747987999999996,0.28409544,1.3139429,-0.09680257,-0.22712655,1.123173,0.7986111,0.4968873,-0.3395928,0.5350567,-0.84451383,0.022597866,-0.27556223,-0.19974832,-0.94030106,0.7243418,0.48511815,0.48988703,0.48511815,-0.87217975,0.33070207,0.48988703,-0.0629517,-0.80662686,0.81595,0.52893,-0.23337,0.5174,-0.8482,-0.11338,-0.25791,-0.02823,-0.96576,-0.09639381,-0.22696365,1.123173
1.6798416140081827,-0.09868689999999997,0.28669572,1.3139335600000002,-0.120106675,-0.2823792,1.3720496,0.7131863,0.50517416,0.48596743,0.3473174,-0.8568553,0.38101137,0.6088808,-0.10294715,-0.78655326,0.7923891,0.5100066,-0.3346831,0.5100066,-0.8455046,-0.025670988,-0.3346831,-0.15816206,-0.941981,0.81355,0.53124,-0.23647,0.51871,-0.84679,-0.11781,-0.26283,-0.02681,-0.96447,-0.12037721,-0.28241625,1.3713901
1.696649831981631,-0.10073750000000004,0.29189513,1.31336286,-0.124946445,-0.29293674,1.3975159,0.8010401,0.5215981,-0.2937177,0.552797,-0.8328235,0.028644519,-0.22967407,-0.18531168,-0.95546293,0.73020756,0.5118645,0.4525392,0.5118645,-0.85566807,0.34410244,0.4525392,-0.076334395,-0.82267964,0.81281,0.5321,-0.2371,0.51971,-0.84623,-0.11747,-0.26315,-0.02774,-0.96436,-0.12464501,-0.29280025,1.3975159
1.7134447249991354,-0.10261637000000001,0.29726142999999994,1.31222548,-0.12627973,-0.29807562,1.4001154,0.8387813,0.5174967,-0.16924262,0.5311102,-0.8461025,0.045083568,-0.119866,-0.12770174,-0.9845427,0.785978,0.5184884,0.33676153,0.5184884,-0.84376025,0.35059404,0.33676153,-0.13870284,-0.8738853,0.81546,0.52965,-0.23346,0.51927,-0.84761,-0.10919,-0.25572,-0.03219,-0.96622,-0.1260657,-0.29793912,1.4001154
1.7302314449916594,-0.10453485999999995,0.30249918,1.31088951,-0.12610687,-0.29737252,1.3728856,0.8310569,0.5064053,-0.22999595,0.5172635,-0.85569453,-0.015012867,-0.20440888,-0.10649195,-0.9730758,0.76256746,0.51208365,0.3952989,0.51208365,-0.842298,0.4049998,0.3952989,-0.1682392,-0.8244477,0.81903,0.5267,-0.22754,0.51867,-0.84924,-0.09884,-0.2453,-0.03706,-0.96874,-0.12579203,-0.29706103,1.3723023
1.7470844610070344,-0.10563887,0.30514008000000004,1.31017811,-0.12461727,-0.29606247,1.3440319,0.7784328,0.5060747,-0.3713903,0.551419,-0.83400476,0.01931637,-0.29996577,-0.21982817,-0.9282759,0.6919652,0.4915391,0.528747,0.4915391,-0.8685837,0.35502,0.528747,-0.06286241,-0.7709652,0.82045,0.5257,-0.22471,0.51869,-0.84976,-0.09416,-0.24045,-0.0393,-0.96986,-0.12425588,-0.29591617,1.3440319
1.7638324779982213,-0.10813537000000001,0.31033301,1.30857298,-0.12687504,-0.3005944,1.3445708,0.7789852,0.5066599,-0.36942905,0.5520258,-0.83356756,0.020801425,-0.2974048,-0.22013836,-0.92902607,0.6910031,0.492148,0.5294385,0.492148,-0.8679937,0.3587844,0.5294385,-0.06616048,-0.7687448,0.82102,0.52553,-0.22304,0.5206,-0.84953,-0.08533,-0.23433,-0.04605,-0.97107,-0.12651439,-0.3004469,1.3445708
1.7806334249908105,-0.1109947,0.31532154,1.30688077,-0.12913494,-0.30513072,1.3451133,0.7795325,0.507245,-0.36746654,0.55261976,-0.83313614,0.022262989,-0.29485685,-0.22042398,-0.92977023,0.6900358,0.4927699,0.53012115,0.4927699,-0.8673823,0.36255613,0.53012115,-0.0694676,-0.76650155,0.82224,0.52407,-0.22196,0.52064,-0.85015,-0.07863,-0.2299,-0.05091,-0.97188,-0.12877505,-0.30498204,1.3451133
