Time,xQTM,yQTM,zQTM,xCV0,yCV0,zCV0,v0R11,v0R12,v0R13,v0R21,v0R22,v0R23,v0R31,v0R32,v0R33,v1R11,v1R12,v1R13,v1R21,v1R22,v1R23,v1R31,v1R32,v1R33,qtmR11,qtmR12,qtmR13,qtmR21,qtmR22,qtmR23,qtmR31,qtmR32,qtmR33,xCV1,yCV1,zCV1
0.0,0.022688330000000007,-0.05350951000000001,1.35299962,0.0019288932,0.07597307,1.4221767,0.7240728,-0.6306773,-0.27922174,-0.64393705,-0.763175,0.053935062,-0.24711066,0.1407483,-0.95871073,0.7246217,-0.63087094,0.27735394,-0.63087094,-0.77379584,-0.15637287,0.27735394,-0.056937028,-0.9479569,0.70069,-0.65627,-0.27989,-0.65594,-0.74688,0.10912,-0.28066,0.10714,-0.95381,0.0021610071,0.07584637,1.4214575
0.016707526025129482,0.026068350000000018,-0.054773670000000024,1.33048311,0.0061477446,0.08088331,1.4082208,0.74191463,-0.6478805,0.17266591,-0.607544,-0.75852555,-0.23564649,0.28364226,0.06992744,-0.95637715,0.7397187,-0.64808756,-0.18110436,-0.64808756,-0.76123285,0.1253312,-0.18110436,0.022518203,-0.9754452,0.71607,-0.65211,-0.24899,-0.64238,-0.7552,0.13045,-0.2731,0.06654,-0.95968,0.005994645,0.081017755,1.4078583
0.03352342301514,0.03125532,-0.058839100000000005,1.2827115400000002,0.008378489,0.0822838,1.335223,0.7224999,-0.63524693,-0.27286482,-0.65041226,-0.7583464,0.043297466,-0.23443063,0.14619222,-0.9610776,0.72568446,-0.636371,0.26156074,-0.636371,-0.77012694,-0.16176285,0.26156074,-0.04400441,-0.9515349,0.66604,-0.70036,-0.25666,-0.67136,-0.71282,0.2029,-0.32506,0.03718,-0.94496,0.008613542,0.0821519,1.3345753
0.05025481301709078,0.03843063000000002,-0.06404984999999999,1.23179719,0.012350525,0.08349335,1.2636371,0.6880966,-0.64437246,0.33362734,-0.6416629,-0.7550349,-0.13487394,0.33880934,-0.121269986,-0.9330069,0.6820211,-0.6408122,-0.3524301,-0.6408122,-0.7316177,0.011202805,-0.3524301,0.23258395,-0.9357711,0.59876,-0.75551,-0.26588,-0.72174,-0.65289,0.22985,-0.34724,0.05427,-0.9362,0.01202831,0.083526544,1.2631176
0.06705639601568691,0.03980907,-0.06617116,1.20536528,0.014536851,0.08572518,1.2288185,0.6905585,-0.64760256,0.3220867,-0.64230126,-0.7538224,-0.13856731,0.3325327,-0.11118786,-0.93651444,0.68364793,-0.64360845,-0.34408388,-0.64360845,-0.7301862,0.008393358,-0.34408388,0.22933884,-0.9389014,0.56681,-0.7726,-0.28602,-0.7339,-0.63126,0.25079,-0.37432,0.06776,-0.92482,0.014217439,0.08578422,1.2286586
0.08385534601984546,0.04187830000000001,-0.06732118000000001,1.15039114,0.016264902,0.086826034,1.1944803,0.6830775,-0.6440676,-0.34435743,-0.6852586,-0.7282942,0.0028630171,-0.2526375,0.23401824,-0.93883425,0.69086593,-0.6486487,0.3193104,-0.6486487,-0.75322235,-0.13915816,0.3193104,-0.10913775,-0.9373771,0.58415,-0.75681,-0.29327,-0.71244,-0.65122,0.26144,-0.38884,0.05622,-0.91959,0.016584264,0.086721756,1.194005
0.1007222339976579,0.04313361000000002,-0.06684328,1.09350777,0.018197637,0.08569977,1.1342776,0.6478133,-0.647593,-0.40119976,-0.70976603,-0.7043789,-0.009085357,-0.27671304,0.29064357,-0.91594553,0.6578675,-0.654745,0.3721819,-0.654745,-0.73836046,-0.1287889,0.3721819,-0.16165648,-0.91918117,0.59186,-0.75412,-0.28461,-0.69389,-0.65636,0.29616,-0.41014,0.0222,-0.91175,0.018581659,0.08560684,1.133847
0.1175578249967657,0.04334933000000002,-0.06625020000000001,1.06509892,0.018173713,0.08509867,1.0798432,0.6166107,-0.6500536,-0.4440963,-0.7464171,-0.66207135,-0.067253225,-0.25030524,0.37295014,-0.89345145,0.62646985,-0.6602951,0.4141809,-0.6602951,-0.7104376,-0.0740247,0.4141809,-0.24349284,-0.9071794,0.5972,-0.74993,-0.28454,-0.68416,-0.66142,0.30733,-0.41867,0.01113,-0.90807,0.018611064,0.08504917,1.0792531
0.13423453402356245,0.19,0.143,1.564,0.017270233,0.08309467,1.0273883,0.6193744,-0.65236485,-0.4368014,-0.73147666,-0.68159467,-0.019252505,-0.28516185,0.33143455,-0.8993519,0.6304116,-0.6611357,0.4067933,-0.6611357,-0.72425175,-0.1266928,0.4067933,-0.19585451,-0.9046923,0.0,0.0,0.0,0.0,0.0,0.0,0.0,0.0,0.0,0.017724393,0.08299311,1.0268586
0.15106143700540997,0.04054682000000001,-0.06133275000000002,0.95391256,0.016072983,0.080620855,0.98224026,0.6089376,-0.6390946,-0.46984372,-0.74717075,-0.66101646,-0.06923215,-0.26632854,0.3932115,-0.8800306,0.6194077,-0.6499378,0.44035777,-0.6499378,-0.71434784,-0.075792156,0.44035777,-0.25939932,-0.89461756,0.61318,-0.74262,-0.26932,-0.65006,-0.66807,0.36208,-0.44881,-0.04695,-0.89239,0.016586443,0.08061589,0.98221666
0.16783114901045337,0.03871788000000001,-0.05973107,0.9269215000000001,0.012625236,0.07816061,0.9385201,0.59838605,-0.6266805,-0.49920505,-0.76014376,-0.64096224,-0.10653114,-0.2532106,0.44321436,-0.85991013,0.6065308,-0.6367798,0.47605872,-0.6367798,-0.7036072,-0.037043046,0.47605872,-0.31535444,-0.87863296,0.59331,-0.75816,-0.27052,-0.64585,-0.64893,0.4022,-0.48048,-0.06391,-0.87467,0.013179579,0.078141704,0.93779945
0.184656969999196,0.03398822000000001,-0.057370910000000025,0.87675628,0.009122956,0.07562489,0.8992939,0.6028891,-0.63053155,-0.48882985,-0.75883543,-0.6423828,-0.107299164,-0.24636036,0.43563092,-0.8657553,0.6089683,-0.6380293,0.47124964,-0.6380293,-0.70512784,-0.03982244,0.47124964,-0.30937582,-0.8811004,0.56476,-0.76841,-0.301,-0.62274,-0.63614,0.45554,-0.54152,-0.06982,-0.83778,0.0097006755,0.07562283,0.8987738
0.20147015200927854,0.028931700000000005,-0.05498522,0.8290321300000001,0.0044506555,0.07351792,0.8618601,0.5789052,-0.60602707,-0.5455272,-0.77199495,-0.6227204,-0.12744829,-0.26247382,0.49492472,-0.82834595,0.58221096,-0.61048836,0.53696775,-0.61048836,-0.6968416,-0.014760255,0.53696775,-0.37645158,-0.8434736,0.54195,-0.77629,-0.32196,-0.61423,-0.62735,0.4787,-0.57359,-0.06167,-0.81681,0.0051033814,0.07352935,0.861185
0.21824720202130266,0.025962929999999995,-0.05423747000000001,0.80627733,-0.00086020073,0.07036698,0.8132364,0.5605989,-0.58764887,-0.5834361,-0.77352375,-0.6231328,-0.1156138,-0.29561785,0.51611465,-0.8038879,0.5595645,-0.58633167,0.58574975,-0.58633167,-0.7028525,-0.024414938,0.58574975,-0.4027574,-0.81012416,0.5342,-0.77692,-0.3332,-0.6097,-0.62712,0.48476,-0.58558,-0.05581,-0.80869,-0.00013325259,0.07032602,0.81210864
0.23517836301471107,0.01923683000000001,-0.05222919000000001,0.7646147400000001,-0.0069806646,0.06898883,0.78577507,0.55771255,-0.61054856,-0.5623053,-0.7635481,-0.6430407,-0.05910091,-0.3255012,0.46230844,-0.82481503,0.55073035,-0.6033168,0.57680583,-0.6033168,-0.71449333,-0.084170766,0.57680583,-0.35427126,-0.81253326,0.52653,-0.76807,-0.36448,-0.58267,-0.63821,0.50317,-0.61908,-0.05257,-0.78356,-0.0062337983,0.06892189,0.78520715
0.2518524760089349,0.013594860000000014,-0.05018687000000002,0.7268691,-0.012355252,0.063018985,0.71750444,0.46943933,-0.589119,-0.65769714,-0.7800439,-0.6257138,0.0037047986,-0.41371277,0.5112935,-0.75327337,0.45234847,-0.57296365,0.6834424,-0.57296365,-0.70882446,-0.13615045,0.6834424,-0.4114371,-0.71719563,0.50481,-0.77579,-0.37859,-0.58485,-0.62994,0.51101,-0.63492,-0.03654,-0.77172,-0.01147399,0.06278919,0.7159286
0.2854588720074389,0.0041922199999999965,-0.04933783,0.6791495000000001,-0.021741765,0.06433265,0.6968982,0.5262938,-0.598397,-0.60409915,-0.7660923,-0.641957,-0.031525414,-0.36894095,0.47938734,-0.79628533,0.49828222,-0.57145745,0.6520362,-0.57145745,-0.7222684,-0.11138298,0.6520362,-0.3895699,-0.74996173,0.46778,-0.76804,-0.43738,-0.56358,-0.6404,0.5218,-0.68086,0.00241,-0.73241,-0.020853467,0.06422636,0.6963794
0.33587440999690443,-0.007935999999999999,-0.04597788,0.62020381,-0.03630806,0.061858267,0.6442922,0.48818916,-0.5782389,-0.6536904,-0.76921165,-0.6389267,-0.009283469,-0.41229218,0.5073584,-0.75670516,0.43085897,-0.52477854,0.7341444,-0.52477854,-0.7295015,-0.12702517,0.7341444,-0.4386742,-0.6670057,0.45283,-0.7655,-0.45712,-0.55292,-0.64331,0.52956,-0.69945,0.01295,-0.71457,-0.035286784,0.061670944,0.64325106
0.3526883570011705,-0.012419540000000007,-0.04463559000000003,0.6034266300000001,-0.03936532,0.060293667,0.6252349,0.4981058,-0.58435994,-0.64063567,-0.7589085,-0.65118545,0.0039179614,-0.41946214,0.4842323,-0.767835,0.4328985,-0.5273518,0.7310944,-0.5273518,-0.7384829,-0.14243865,0.7310944,-0.42017037,-0.6672422,0.44361,-0.76275,-0.47055,-0.54973,-0.64625,0.5293,-0.70782,0.02386,-0.70599,-0.03831301,0.06008499,0.6242326
0.36942814601934515,-0.014528929999999995,-0.04383418000000003,0.5963536100000001,-0.0427549,0.05831678,0.60733896,0.46879107,-0.57406014,-0.6713344,-0.7692694,-0.63885957,0.009112006,-0.43411925,0.51216537,-0.7410986,0.39361984,-0.50574845,0.767647,-0.50574845,-0.7316536,-0.13994224,0.767647,-0.45705745,-0.6254073,0.43966,-0.76215,-0.47522,-0.54775,-0.64684,0.53063,-0.71181,0.027,-0.70186,-0.041666128,0.058108,0.6063385
0.38626355401356705,-0.018475839999999993,-0.04225608,0.5847871000000001,-0.046357434,0.056778572,0.59898454,0.47585747,-0.5799348,-0.6612378,-0.7677289,-0.64070535,0.009433461,-0.42912936,0.5031624,-0.75011706,0.39409027,-0.50583136,0.767351,-0.50583136,-0.73110455,-0.13888173,0.767351,-0.45784354,-0.6260067,0.43116,-0.75907,-0.48776,-0.54573,-0.64989,0.52898,-0.71853,0.03811,-0.69446,-0.04528796,0.056617964,0.59850246
0.40307450501131825,-0.021886519999999993,-0.04080057000000001,0.5763785000000001,-0.048116516,0.05440321,0.5812718,0.4577553,-0.5750762,-0.6780468,-0.7587546,-0.65019524,0.039212428,-0.4634129,0.49652144,-0.733972,0.36445794,-0.4962205,0.7879947,-0.4962205,-0.7389841,-0.16301014,0.7879947,-0.45570567,-0.5937104,0.42198,-0.75322,-0.50457,-0.54969,-0.65515,0.51829,-0.72095,0.05865,-0.6905,-0.046982557,0.054160863,0.5803252
0.41983142800745554,-0.023422169999999992,-0.04007751000000001,0.57336124,-0.051083777,0.05379825,0.579736,0.44993812,-0.5845506,-0.67517126,-0.7580307,-0.6496937,0.0573365,-0.47217062,0.48600268,-0.73542935,0.3485828,-0.50155586,0.7917902,-0.50155586,-0.73723346,-0.18034168,0.7917902,-0.45269036,-0.58356243,0.41695,-0.74987,-0.51366,-0.5527,-0.65782,0.51166,-0.72158,0.07056,-0.68873,-0.049896747,0.053479247,0.5782277
0.4367368030070793,-0.025688500000000003,-0.03811438000000003,0.56941169,-0.053480983,0.052394256,0.57994956,0.452803,-0.5869219,-0.6711871,-0.7562754,-0.6515391,0.059534468,-0.4722467,0.48064494,-0.73889345,0.34764248,-0.500902,0.7926171,-0.500902,-0.73576623,-0.1784338,0.7926171,-0.45579076,-0.5830262,0.42466,-0.75014,-0.5069,-0.56226,-0.65735,0.50175,-0.7096,0.07194,-0.70092,-0.052386377,0.052173983,0.5794986
0.45352061901940033,-0.027823540000000008,-0.036245550000000015,0.5689216800000001,-0.054488353,0.049864575,0.5728961,0.4393432,-0.57460594,-0.6905111,-0.7652108,-0.6420329,0.047393553,-0.47056347,0.5075645,-0.7217675,0.33110416,-0.4800678,0.8123453,-0.4800678,-0.7291489,-0.15966259,0.8123453,-0.48772615,-0.5608947,0.4215,-0.74821,-0.51237,-0.56236,-0.65891,0.49958,-0.7114,0.07757,-0.6985,-0.05333146,0.04962362,0.5719062
0.47037741701933555,-0.029100879999999996,-0.0344921,0.57171246,-0.056079853,0.049048252,0.57975364,0.44588172,-0.5797449,-0.68197167,-0.75460374,-0.6532491,0.061958276,-0.4814174,0.48699233,-0.72874945,0.33396935,-0.4870728,0.80698484,-0.4870728,-0.7348003,-0.17196961,0.80698484,-0.47204727,-0.56497955,0.4188,-0.74491,-0.51934,-0.56573,-0.66139,0.49245,-0.71032,0.08757,-0.69841,-0.054930944,0.048788812,0.5787303
0.48695787801989354,-0.029363679999999975,-0.03362218,0.57437996,-0.05687669,0.0478818,0.58561903,0.4407137,-0.59271497,-0.6741368,-0.75178564,-0.6540855,0.083609164,-0.4904995,0.4699587,-0.733859,0.32651564,-0.50167966,0.80106497,-0.50167966,-0.7304126,-0.1900301,0.80106497,-0.46348134,-0.5676121,0.41791,-0.74307,-0.52268,-0.56801,-0.66273,0.48802,-0.70903,0.09294,-0.69903,-0.055693127,0.047559798,0.5841193
0.5037429530057125,-0.028992340000000005,-0.03195601000000001,0.5822338,-0.05690225,0.04727126,0.5988064,0.44127682,-0.61088455,-0.6573392,-0.7382402,-0.66357887,0.12109705,-0.5101727,0.43183687,-0.74380153,0.32705635,-0.529089,0.78300637,-0.529089,-0.7318459,-0.22597957,0.78300637,-0.4294955,-0.57951206,0.41731,-0.738,-0.53028,-0.57582,-0.66617,0.47397,-0.70305,0.10755,-0.70296,-0.055791862,0.046935935,0.59770775
0.5206278810219374,-0.02746594999999999,-0.030367260000000007,0.59346047,-0.055516195,0.045312878,0.6052665,0.4452398,-0.61364806,-0.6520718,-0.7249531,-0.6744767,0.13972901,-0.5255516,0.4105085,-0.74516994,0.33297956,-0.5384079,0.7741069,-0.5384079,-0.7361276,-0.23972328,0.7741069,-0.41016218,-0.5859106,0.41811,-0.73264,-0.53705,-0.58596,-0.66929,0.45685,-0.69415,0.12367,-0.70913,-0.054421507,0.044959128,0.6041324
0.5373170770180877,-0.026309379999999993,-0.029500340000000014,0.60031917,-0.054015603,0.04456659,0.62262154,0.43453452,-0.6082739,-0.6642158,-0.7232722,-0.67514426,0.14511235,-0.5367095,0.41735247,-0.7333211,0.32722124,-0.5360391,0.77819556,-0.5360391,-0.73496234,-0.23949978,0.77819556,-0.41532204,-0.5805614,0.41999,-0.73152,-0.53711,-0.58976,-0.66984,0.45112,-0.68978,0.1273,-0.71274,-0.052953172,0.04422178,0.62144655
0.5543653950153384,-0.023149809999999993,-0.027678580000000036,0.6164468700000001,-0.05112794,0.04331737,0.63450897,0.44648105,-0.60658896,-0.65780276,-0.73321635,-0.6693933,0.119609386,-0.5128825,0.4289084,-0.7436324,0.3503033,-0.5370764,0.7673569,-0.5370764,-0.7274045,-0.21103689,0.7673569,-0.42712018,-0.60549724,0.42757,-0.73224,-0.53009,-0.59572,-0.6693,0.44403,-0.67993,0.12593,-0.72238,-0.05004813,0.04298736,0.6329791
0.5708940650220029,-0.019078800000000007,-0.026050569999999995,0.6356771400000001,-0.0481446,0.04204899,0.6508666,0.45494214,-0.61643183,-0.6426815,-0.71810377,-0.68074596,0.14460942,-0.52664465,0.39572307,-0.7523621,0.36516866,-0.5574297,0.74560314,-0.5574297,-0.7309571,-0.23219627,0.74560314,-0.3936672,-0.6246286,0.43809,-0.73482,-0.5178,-0.60174,-0.66765,0.43836,-0.66782,0.11954,-0.73466,-0.047115,0.04170433,0.6494623
0.5878362049988937,-0.01680377999999999,-0.025389600000000012,0.64635721,-0.0438902,0.040945962,0.6721503,0.47397393,-0.64216554,-0.6024717,-0.72555274,-0.6724999,0.1460038,-0.49892074,0.367923,-0.7846724,0.4004334,-0.5949823,0.6968853,-0.5949823,-0.7172192,-0.23548709,0.6968853,-0.36275706,-0.6774191,0.4441,-0.73578,-0.51127,-0.60463,-0.66722,0.43502,-0.6612,0.11594,-0.74119,-0.042995386,0.040675554,0.67204165
0.6045568890112918,-0.012458830000000004,-0.02484731000000001,0.6698832,-0.039974894,0.040925123,0.6955677,0.45017108,-0.62781394,-0.63497686,-0.7381697,-0.6617773,0.13098174,-0.50244546,0.4097565,-0.7613463,0.38415468,-0.58080345,0.71769947,-0.58080345,-0.70934933,-0.21469234,0.71769947,-0.39936313,-0.6624309,0.44016,-0.72819,-0.52536,-0.60617,-0.67262,0.42444,-0.66244,0.13164,-0.73746,-0.039005455,0.04059971,0.69385254
0.6213204630184919,-0.00791882000000002,-0.025633230000000007,0.6961192300000001,-0.035288006,0.041632015,0.72307163,0.47327393,-0.6370971,-0.60837406,-0.750825,-0.6529373,0.09967318,-0.4607316,0.40960974,-0.7873666,0.4219142,-0.59786063,0.6815798,-0.59786063,-0.6994013,-0.18636376,0.6815798,-0.3916637,-0.70761395,0.44455,-0.71965,-0.53337,-0.61243,-0.67871,0.40531,-0.65369,0.14647,-0.74246,-0.03439403,0.041376263,0.72189015
0.6381013670179527,-0.0055615199999999865,-0.025774110000000017,0.70967103,-0.030479383,0.04111654,0.7291228,0.48626897,-0.6482537,-0.58592635,-0.72271043,-0.67526937,0.1473124,-0.49115393,0.3518216,-0.7968622,0.43953654,-0.61937904,0.65052074,-0.61937904,-0.71350265,-0.23284265,0.65052074,-0.32754174,-0.72291565,0.45118,-0.71855,-0.52927,-0.61579,-0.67992,0.39813,-0.64594,0.14629,-0.74924,-0.029599918,0.040771704,0.7274377
0.6549001670209691,-0.0007039600000000035,-0.02623148000000003,0.73787641,-0.02668993,0.041511074,0.75843877,0.50223476,-0.6472987,-0.57338005,-0.7230116,-0.67807144,0.13218665,-0.4743569,0.3481717,-0.8085555,0.4650695,-0.6239538,0.62800634,-0.6239538,-0.7143992,-0.21719271,0.62800634,-0.31672597,-0.7472853,0.46968,-0.71981,-0.51115,-0.62462,-0.68011,0.3838,-0.6239,0.13901,-0.76904,-0.02589832,0.04125403,0.757873
0.6717301970056724,0.0030709999999999904,-0.027338180000000017,0.7669943500000002,-0.02301511,0.042853918,0.78282565,0.51384085,-0.66389596,-0.54333204,-0.7204769,-0.6777654,0.14678912,-0.46570438,0.31603196,-0.8265853,0.48253822,-0.64591455,0.5915668,-0.64591455,-0.71031564,-0.23410441,0.5915668,-0.27972502,-0.7715205,0.47858,-0.71753,-0.50607,-0.62806,-0.68252,0.37377,-0.6136,0.13897,-0.7773,-0.022239244,0.04251758,0.78114474
0.6885898170003202,0.00480586999999999,-0.028431840000000014,0.7815850900000001,-0.019957237,0.044707287,0.8169675,0.53385496,-0.66480887,-0.5225209,-0.72139794,-0.68045574,0.12870514,-0.44111666,0.3082356,-0.8428564,0.50982195,-0.65081966,0.56259704,-0.65081966,-0.71173805,-0.2183224,0.56259704,-0.26431563,-0.7973832,0.48866,-0.69663,-0.52528,-0.61928,-0.70103,0.35361,-0.61457,0.1525,-0.77398,-0.019261993,0.0444576,0.81641114
0.7053241280082148,0.008082200000000012,-0.03034945,0.81162374,-0.01725042,0.046575863,0.83245695,0.5283679,-0.6624284,-0.5310519,-0.7223158,-0.6794495,0.1288729,-0.446192,0.31549484,-0.83748174,0.5074615,-0.65020245,0.56543756,-0.65020245,-0.7121093,-0.22072935,0.56543756,-0.26483408,-0.7947068,0.50766,-0.68254,-0.52575,-0.61889,-0.71344,0.32861,-0.59938,0.15856,-0.7846,-0.01655115,0.046288483,0.8311717
0.7221184890076984,0.01064277999999999,-0.032003470000000006,0.84055707,-0.014649461,0.047665846,0.84036005,0.558608,-0.6405644,-0.52691025,-0.7265024,-0.6843799,0.061792903,-0.40018913,0.3482836,-0.8476716,0.54250574,-0.6290971,0.5567085,-0.6290971,-0.72041184,-0.15542336,0.5567085,-0.29196516,-0.8160387,0.53515,-0.68608,-0.49286,-0.63595,-0.71123,0.29953,-0.55603,0.15314,-0.81693,-0.013960359,0.047472138,0.83933127
0.7389502180158161,0.011572310000000002,-0.032852309999999996,0.85540136,-0.012920493,0.050212394,0.8915299,0.57637507,-0.66310245,-0.47758442,-0.72380644,-0.6855443,0.07831519,-0.37933627,0.30053976,-0.87508845,0.56392545,-0.6552102,0.5026805,-0.6552102,-0.7160143,-0.1752048,0.5026805,-0.24087968,-0.8465315,0.54388,-0.68707,-0.48179,-0.63691,-0.71181,0.29609,-0.54638,0.14582,-0.82475,-0.012320706,0.05002792,0.8909876
0.7557120080164168,0.19,0.143,1.564,-0.011521883,0.050966818,0.89756256,0.58065724,-0.6664625,-0.46761623,-0.68756247,-0.70900875,0.15673023,-0.43599883,0.23050883,-0.8699257,0.5681716,-0.6613022,0.48975548,-0.6613022,-0.73134947,-0.25257924,0.48975548,-0.16675538,-0.8344719,0.0,0.0,0.0,0.0,0.0,0.0,0.0,0.0,0.0,-0.010949711,0.050705742,0.8972621
0.7725753160193563,0.19,0.143,1.564,-0.010148169,0.05144737,0.9233578,0.57091707,-0.66540295,0.48092887,-0.65436155,-0.72257257,-0.22293468,0.49584737,-0.18742414,-0.8479431,0.58116496,-0.6703778,-0.46134686,-0.6703778,-0.6982557,0.12721784,-0.46134686,0.2510628,-0.87805164,0.0,0.0,0.0,0.0,0.0,0.0,0.0,0.0,0.0,-0.010696477,0.05164221,0.92316574
0.7893148450239096,0.19,0.143,1.564,-0.010209674,0.054270342,0.9497332,0.59680206,-0.6581077,-0.4590442,-0.70751876,-0.70146537,0.08581115,-0.3784766,0.27357012,-0.8842595,0.5879295,-0.65309036,0.47729644,-0.65309036,-0.7288271,-0.18534762,0.47729644,-0.20563087,-0.85897285,0.0,0.0,0.0,0.0,0.0,0.0,0.0,0.0,0.0,-0.009672444,0.054113977,0.9497332
0.806089364021318,0.013272340000000021,-0.039132710000000015,0.95858569,-0.010571306,0.05650784,0.9885521,0.62073684,-0.68407,-0.38305885,-0.70148486,-0.70279425,0.118318506,-0.3501497,0.19526532,-0.916115,0.6124575,-0.6806827,0.4019538,-0.6806827,-0.72126615,-0.22135985,0.4019538,-0.12824261,-0.8885004,0.5864,-0.67211,-0.45211,-0.64126,-0.7262,0.24783,-0.49489,0.14459,-0.85684,-0.0101233125,0.056313165,0.9885521
0.8228831530141179,0.013904379999999994,-0.040971020000000025,0.9869841100000001,-0.010314116,0.058160532,1.0027301,0.6133281,-0.6769237,-0.40694344,-0.68159986,-0.71394557,0.16032284,-0.39906177,0.17904209,-0.89927393,0.60404116,-0.6739012,0.4254309,-0.6739012,-0.7306501,-0.26249713,0.4254309,-0.10957907,-0.86608535,0.58683,-0.69592,-0.41391,-0.67458,-0.70293,0.22545,-0.44785,0.14691,-0.88196,-0.009850538,0.05789686,1.0022112
0.8397421250119805,0.01309523999999998,-0.04199248,1.00182248,-0.011999164,0.06060229,1.0446761,0.621699,-0.6873097,-0.37562716,-0.67558825,-0.71321064,0.186845,-0.39632168,0.13760796,-0.9077407,0.61100215,-0.68478143,0.39717856,-0.68478143,-0.7252775,-0.28970414,0.39717856,-0.0710421,-0.8708161,0.59688,-0.68988,-0.40962,-0.6763,-0.7073,0.20576,-0.43168,0.15422,-0.88875,-0.011575791,0.060289517,1.0436653
0.8565419280203059,0.01072150999999999,-0.043001100000000014,1.0313813,-0.012863798,0.060647894,1.0454308,0.62301767,-0.68852425,-0.37119174,-0.6749612,-0.71303874,0.18974483,-0.395318,0.13232565,-0.9089629,0.61234814,-0.6861254,0.39276168,-0.6861254,-0.7245092,-0.29288304,0.39276168,-0.06571487,-0.8717556,0.61548,-0.66135,-0.42872,-0.65777,-0.73068,0.18286,-0.43419,0.16945,-0.88474,-0.012456913,0.060389847,1.0454308
0.8732806970074307,0.00781329,-0.043937890000000035,1.0600507600000002,-0.0143264355,0.06251829,1.094105,0.65083694,-0.6851337,-0.32711327,-0.69930315,-0.7087388,0.0930826,-0.29561192,0.16816975,-0.9403896,0.6419695,-0.6816131,0.35111076,-0.6816131,-0.7242807,-0.19901972,0.35111076,-0.104023986,-0.91493845,0.63703,-0.65016,-0.4141,-0.64406,-0.7441,0.17747,-0.42352,0.15365,-0.89276,-0.013966856,0.062362727,1.094105
0.8900847830227576,0.00846027000000002,-0.04663510000000001,1.08942041,-0.016359244,0.06388684,1.1096263,0.6246586,-0.6945872,-0.35686177,-0.6953726,-0.7027063,0.1505353,-0.3553289,0.15411873,-0.9219484,0.61220324,-0.6907471,0.384806,-0.6907471,-0.71689177,-0.25376362,0.384806,-0.09452324,-0.8874279,0.61368,-0.67649,-0.40714,-0.70379,-0.70241,0.10628,-0.35788,0.22132,-0.90716,-0.015969612,0.06363638,1.1088641
0.9068975150003098,0.00696832,-0.0472689,1.10342215,-0.018862002,0.065853275,1.1525222,0.6486056,-0.6843114,-0.33320978,-0.6983135,-0.7091716,0.0971285,-0.30276906,0.1696868,-0.93783647,0.6371894,-0.6797764,0.36317188,-0.6797764,-0.72513646,-0.20260511,0.36317188,-0.10991461,-0.9094269,0.61987,-0.67276,-0.40392,-0.70348,-0.7045,0.09382,-0.34768,0.22599,-0.90997,-0.01851297,0.065702334,1.1525222
0.9236952710198238,0.19,0.143,1.564,-0.021162132,0.066794015,1.1771195,0.66287005,-0.6982044,-0.27039585,-0.6923272,-0.7090824,0.13373542,-0.28510758,0.098553196,-0.9534154,0.65090805,-0.69569725,0.30384865,-0.69569725,-0.71710706,-0.24080813,0.30384865,-0.041985337,-0.92178494,0.0,0.0,0.0,0.0,0.0,0.0,0.0,0.0,0.0,-0.02087113,0.06659074,1.1768397
0.9405412480118684,-6.441000000001473e-05,-0.047994270000000006,1.1556494700000002,-0.02360104,0.06526649,1.1704587,0.6445674,-0.65233576,0.3987367,-0.608018,-0.75355345,-0.24994262,0.4635159,-0.081334226,-0.8823479,0.66144836,-0.6567865,-0.3621016,-0.6567865,-0.7414102,0.14998944,-0.3621016,0.13763134,-0.91999215,0.64017,-0.68947,-0.33883,-0.70507,-0.70244,0.09725,-0.30506,0.17664,-0.93581,-0.023960236,0.065440424,1.1701075
0.9573049180035014,-0.0024949300000000063,-0.048069909999999993,1.1684181,-0.027487371,0.06735199,1.2230624,0.7082197,-0.6659496,-0.23438415,-0.6741117,-0.73652226,0.055752363,-0.2097574,0.118516184,-0.97054404,0.6963013,-0.66170865,0.27803996,-0.66170865,-0.7466917,-0.16043504,0.27803996,-0.067772694,-0.94707674,0.65232,-0.68062,-0.33353,-0.69648,-0.71185,0.09046,-0.29899,0.17328,-0.93839,-0.027232308,0.06723605,1.2228913
0.9740721569978632,-0.007445179999999996,-0.04670417000000002,1.1909003900000001,-0.030890629,0.06803424,1.2472196,0.70962036,-0.67668587,0.19630381,-0.63928336,-0.73549783,-0.22440973,0.29623592,0.033751946,-0.95451826,0.7214987,-0.6761957,-0.14899309,-0.6761957,-0.7365948,0.11852726,-0.14899309,0.01369236,-0.9817089,0.6834,-0.68871,-0.24216,-0.68294,-0.72033,0.12133,-0.25799,0.08246,-0.96262,-0.031052474,0.068187945,1.2469764
0.9908942140173167,-0.010680010000000018,-0.04584585999999999,1.21455471,-0.035008416,0.06674524,1.2589508,0.70901823,-0.66499513,-0.23467977,-0.6725033,-0.7377582,0.058754604,-0.21220845,0.11616484,-0.9702955,0.69424164,-0.6597198,0.28774694,-0.6597198,-0.7478442,-0.16021432,0.28774694,-0.07415404,-0.9442103,0.6605,-0.71244,-0.23698,-0.7109,-0.69497,0.10791,-0.24158,0.09719,-0.9655,-0.0347598,0.066640526,1.2589508
1.0076957700075582,-0.013520409999999983,-0.04559624000000001,1.22604289,-0.038946103,0.06641231,1.2947135,0.71510345,-0.63795364,0.285731,-0.6203335,-0.7675807,-0.16126454,0.3222009,-0.06192767,-0.9446436,0.7312527,-0.6428422,-0.22808647,-0.6428422,-0.7593675,0.064417444,-0.22808647,0.100572646,-0.97150755,0.66991,-0.70438,-0.23464,-0.70448,-0.70285,0.0986,-0.23437,0.09925,-0.96707,-0.03916872,0.06649229,1.2942224
1.0245658500061836,-0.01882402999999999,-0.04472456,1.24793997,-0.04271282,0.06489673,1.2962371,0.6920463,-0.6574265,0.29809788,-0.6434898,-0.7489856,-0.15792881,0.3270976,-0.08252888,-0.9413799,0.70976305,-0.66382116,-0.23574969,-0.66382116,-0.7392308,0.06281935,-0.23574969,0.113487065,-0.96978134,0.67825,-0.69875,-0.22743,-0.70093,-0.70812,0.08523,-0.2206,0.10161,-0.97006,-0.042938422,0.06496756,1.2956086
1.0412766110093798,-0.02356438999999999,-0.043351110000000026,1.26831867,-0.048133247,0.064281106,1.3366125,0.7104752,-0.6626866,-0.23679407,-0.6687084,-0.7405747,0.06616792,-0.21921228,0.111335516,-0.9693041,0.6906485,-0.65555847,0.30536482,-0.65555847,-0.750111,-0.15790464,0.30536482,-0.08704364,-0.93905187,0.67294,-0.70714,-0.21701,-0.70988,-0.69985,0.07921,-0.20788,0.10075,-0.97295,-0.047890864,0.06418048,1.3366125
1.0580779830052052,-0.02573439999999999,-0.04261224000000002,1.27793594,-0.0514244,0.061506562,1.3234475,0.72480744,-0.6737452,-0.14394966,-0.66113925,-0.7389628,0.12972602,-0.19377574,0.0011443855,-0.9810452,0.7050481,-0.67426926,0.21970016,-0.67426926,-0.73834306,-0.21931267,0.21970016,0.014507657,-0.9505966,0.66666,-0.71386,-0.21439,-0.71749,-0.69253,0.07488,-0.20193,0.1039,-0.97387,-0.051247407,0.061334223,1.3231759
1.091689408000093,-0.03330036,-0.039484590000000014,1.31246795,-0.060849886,0.061067622,1.3892509,0.66680545,-0.71491,-0.21041445,-0.7354582,-0.6768631,-0.030945325,-0.120298654,0.17538553,-0.97712237,0.6507911,-0.6993287,0.29565233,-0.6993287,-0.69239163,-0.054004118,0.29565233,-0.17757587,-0.9537679,0.62773,-0.7464,-0.22103,-0.75716,-0.65137,0.04925,-0.18073,0.13644,-0.97402,-0.06061062,0.061038136,1.3888183
1.1085316620010417,-0.03560405,-0.036401320000000015,1.31935724,-0.06356535,0.05876737,1.3883382,0.7298044,-0.683606,0.008265919,-0.6836559,-0.7297448,0.009332622,-0.00034782555,-0.012462033,-0.9999223,0.72408473,-0.68470514,0.08294654,-0.68470514,-0.7287288,-0.093649454,0.08294654,0.011541801,-0.992144,0.62944,-0.75112,-0.19906,-0.75364,-0.65251,0.07905,-0.18927,0.10026,-0.97679,-0.063531704,0.058721047,1.3883382
1.1252871030010283,-0.03836771,-0.036229330000000004,1.33391122,-0.06580939,0.055452548,1.3785018,0.6858692,-0.65176153,0.3237133,-0.64280415,-0.75112724,-0.1503684,0.34115422,-0.1049512,-0.9341301,0.7125963,-0.6615879,-0.2334693,-0.6615879,-0.74285245,0.07437377,-0.2334693,0.10233124,-0.9695157,0.5956,-0.77479,-0.21203,-0.7851,-0.61732,0.05039,-0.16993,0.13645,-0.97596,-0.06601727,0.055522095,1.3778063
1.1420900800148956,-0.04157343999999999,-0.03410707000000002,1.34608964,-0.07099009,0.053953733,1.4099822,0.7278772,-0.6709453,-0.14151745,-0.6561511,-0.7414478,0.14043112,-0.1991494,-0.009359783,-0.97992444,0.7014999,-0.67131233,0.23924407,-0.67131233,-0.74117154,-0.21398178,0.23924407,-0.0021226031,-0.94708717,0.57819,-0.78714,-0.21472,-0.79897,-0.59957,0.04648,-0.16533,0.14468,-0.97557,-0.07081152,0.053790413,1.4096801
1.15888500600704,-0.043176379999999986,-0.03324635000000001,1.35157237,-0.073429175,0.053438727,1.4260521,0.7521233,-0.6412769,0.15190274,-0.6572199,-0.7128329,0.24480863,-0.048708856,-0.28395978,-0.9575982,0.74062014,-0.66977197,-0.053733718,-0.66977197,-0.6921532,-0.3160528,-0.053733718,0.26894137,-0.9472187,0.57147,-0.78959,-0.22354,-0.80392,-0.59335,0.04062,-0.16471,0.1565,-0.97385,-0.07351479,0.05320445,1.4260521
1.1756777580012567,-0.046320429999999996,-0.02997152,1.36043156,-0.07701381,0.05213721,1.4243449,0.71408194,-0.66039205,-0.23231299,-0.6628515,-0.7445624,0.07908636,-0.22519954,0.09751488,-0.96942043,0.6831081,-0.64899874,0.334909,-0.64899874,-0.7522805,-0.14858663,0.334909,-0.11346706,-0.93046117,0.57302,-0.78956,-0.21964,-0.80281,-0.59466,0.04323,-0.16474,0.15156,-0.97462,-0.076776505,0.052041713,1.4243449
1.192488916014554,-0.04906474999999999,-0.028612830000000006,1.36844556,-0.07851318,0.050522745,1.4326923,0.7400877,-0.66899306,0.06869158,-0.6259669,-0.7226025,-0.2932765,0.24583665,0.17405167,-0.9535567,0.76009494,-0.64876676,0.036842957,-0.64876676,-0.73550797,0.22593978,0.036842957,-0.19526848,-0.9734443,0.56774,-0.79141,-0.2266,-0.80734,-0.58908,0.03462,-0.16088,0.16329,-0.97337,-0.07850203,0.05072526,1.4322361
1.2260792940214742,-0.05282656999999999,-0.02713198,1.37760392,-0.08287556,0.049111873,1.4367301,0.7380501,-0.67331475,0.04392366,-0.6648134,-0.7145151,0.21792497,-0.115347974,-0.19004057,-0.9749766,0.71748024,-0.6933754,0.06672792,-0.6933754,-0.7025578,-0.2838796,0.06672792,0.16013452,-0.9565353,0.56531,-0.7896,-0.23864,-0.80912,-0.58707,0.02575,-0.16044,0.17853,-0.97077,-0.08286501,0.048900653,1.436721
1.2428797100146767,-0.055044620000000016,-0.026406360000000018,1.38199352,-0.08402676,0.04746001,1.4242655,0.7151013,-0.6605663,-0.22865322,-0.6620468,-0.7449932,0.08172575,-0.22433038,0.09293695,-0.97007143,0.68125224,-0.6480064,0.34056294,-0.6480064,-0.75209033,-0.14496157,0.34056294,-0.120199375,-0.9289796,0.56575,-0.78699,-0.24611,-0.8086,-0.58797,0.02139,-0.16153,0.1869,-0.96901,-0.083788574,0.047364984,1.4242655
1.2596727990021463,-0.05599413,-0.026139250000000003,1.38374093,-0.088354096,0.048007,1.4577682,0.7310414,-0.6695007,-0.13170898,-0.6523884,-0.74236995,0.1525656,-0.19991957,-0.025606357,-0.97947764,0.69896233,-0.6706772,0.2482817,-0.6706772,-0.74172354,-0.21661624,0.2482817,-0.006193365,-0.9441576,0.56527,-0.78609,-0.25005,-0.80891,-0.58764,0.01874,-0.16167,0.19168,-0.96805,-0.08817433,0.047842093,1.4574
1.2765192390070297,-0.05720723,-0.025683030000000023,1.38665025,-0.09025743,0.04745505,1.4808028,0.74667126,-0.6562794,0.10853308,-0.6524258,-0.75433993,-0.07288199,0.12970178,-0.016390901,-0.9914176,0.7543976,-0.6562769,0.0135978935,-0.6562769,-0.7543412,0.0099481065,0.0135978935,-0.016430583,-0.9998581,0.58923,-0.77546,-0.22686,-0.80138,-0.5967,-0.04181,-0.10295,0.20643,-0.97303,-0.090296835,0.0474896,1.4807917
1.2932779080001637,-0.059005730000000006,-0.02550493000000001,1.38844503,-0.090598576,0.046662908,1.4578983,0.6984756,-0.67052144,0.25006574,-0.63533264,-0.7418354,-0.21455224,0.3293695,-0.009015428,-0.9441581,0.7313761,-0.6693832,-0.1304418,-0.6693832,-0.74241483,0.1536515,-0.1304418,-0.02731825,-0.97947747,0.59163,-0.7715,-0.23401,-0.79898,-0.59986,-0.04235,-0.1077,0.21202,-0.97131,-0.09073342,0.046803493,1.457531
1.310065243014833,-0.06073994999999999,-0.02592337000000003,1.38969665,-0.092179485,0.047156587,1.4545707,0.71959877,-0.6441581,0.2593028,-0.61052483,-0.76482296,-0.20568226,0.33081263,-0.01030209,-0.94364023,0.7529148,-0.64348036,-0.13803025,-0.64348036,-0.7651731,0.14304285,-0.13803025,-0.02105291,-0.98004407,0.59564,-0.76374,-0.24885,-0.7952,-0.60442,-0.04835,-0.11348,0.22668,-0.96733,-0.09232558,0.047291286,1.4542693
1.3436774220026564,-0.06352617999999999,-0.027184609999999998,1.3909784,-0.09554292,0.048010122,1.4578664,0.73188347,-0.6692759,-0.12812643,-0.65233475,-0.7424935,0.15219322,-0.19699228,-0.027806377,-0.9800106,0.69712216,-0.6704064,0.25411797,-0.6704064,-0.74191904,-0.21621309,0.25411797,-0.010554537,-0.9426961,0.60306,-0.75167,-0.26704,-0.78773,-0.61392,-0.05085,-0.12572,0.24102,-0.96234,-0.095360406,0.04784561,1.4574988
1.3604883770167362,-0.06544075999999999,-0.02848632000000001,1.39187476,-0.09543639,0.049397472,1.4503636,0.66146123,-0.6367828,0.39620286,-0.60428,-0.7654125,-0.22133552,0.44420126,-0.093012586,-0.8910858,0.7109996,-0.64687854,-0.2757313,-0.64687854,-0.7601403,0.15842292,-0.2757313,0.061113413,-0.9480899,0.60824,-0.74382,-0.27709,-0.78242,-0.62062,-0.05146,-0.13369,0.2481,-0.95946,-0.095667705,0.049529664,1.4498087
1.3773359410115518,-0.06636414000000002,-0.029301720000000003,1.3924101800000002,-0.096263655,0.04896383,1.4324887,0.72575426,-0.65691686,-0.20430607,-0.62140256,-0.75340056,0.2150499,-0.2951942,-0.029117068,-0.9549935,0.67699987,-0.6583477,0.32901293,-0.6583477,-0.75267345,-0.2784212,0.32901293,-0.0078070434,-0.9023481,0.61042,-0.74003,-0.28239,-0.78023,-0.62322,-0.05333,-0.13653,0.25288,-0.95782,-0.096046135,0.048763156,1.4324887
1.3940515640133526,-0.06831592999999997,-0.03130777000000001,1.39363101,-0.09861611,0.05131445,1.4324859,0.7261155,-0.656885,-0.20312157,-0.6218224,-0.753438,0.21370085,-0.2934164,-0.028865963,-0.9555488,0.6761202,-0.658338,0.330836,-0.658338,-0.7526826,-0.28009823,0.330836,-0.00774207,-0.90116173,0.61576,-0.72978,-0.29708,-0.77476,-0.62944,-0.05963,-0.14348,0.26689,-0.95299,-0.09839831,0.051113654,1.4324859
1.4108460679999553,-0.07031884,-0.03367938000000001,1.39499811,-0.10172169,0.05446355,1.4696527,0.7632029,-0.64217216,-0.07166755,-0.6112763,-0.7534964,0.24204218,-0.209434,-0.14091863,-0.9676153,0.7236876,-0.65938187,0.20369548,-0.65938187,-0.7442783,-0.31276086,0.20369548,0.106138326,-0.9277331,0.62099,-0.719,-0.31211,-0.76937,-0.63524,-0.06739,-0.14981,0.28197,-0.94765,-0.101561,0.0542135,1.4689499
1.4276689210091718,-0.07131867999999997,-0.03484123,1.3956790000000001,-0.10413877,0.056877047,1.4696999,0.76344675,-0.6419963,-0.07063891,-0.6115719,-0.75373447,0.24054962,-0.20767495,-0.14044605,-0.968063,0.72293925,-0.65956753,0.20574144,-0.65956753,-0.744135,-0.31435826,0.20574144,0.10598928,-0.92674124,0.62261,-0.71601,-0.31574,-0.76761,-0.63723,-0.06858,-0.1521,0.28506,-0.94636,-0.1039764,0.05662578,1.4689959
1.4445001220155973,-0.07348980999999999,-0.03707751000000001,1.39693916,-0.105322056,0.058965,1.4770641,0.7488912,-0.6285656,-0.20992205,-0.59360915,-0.77709687,0.20916177,-0.29460165,-0.03202775,-0.9550833,0.69628596,-0.63114494,0.3418215,-0.63114494,-0.7756537,-0.28295985,0.3418215,0.0041733417,-0.89615387,0.62616,-0.71306,-0.31537,-0.76379,-0.64224,-0.06437,-0.15665,0.28118,-0.94678,-0.10510431,0.058771335,1.4770641
1.4612635930243414,-0.07586801000000004,-0.03944574000000001,1.3980515500000001,-0.10774768,0.061388772,1.4770607,0.749247,-0.628533,-0.20874678,-0.59401923,-0.7771354,0.2078504,-0.29286534,-0.03173168,-0.955627,0.6953747,-0.6311638,0.34363693,-0.6311638,-0.7756374,-0.28465855,0.34363693,0.004358646,-0.89492077,0.6291,-0.71,-0.31643,-0.7605,-0.64642,-0.06153,-0.16086,0.27935,-0.94662,-0.10752968,0.061194956,1.4770607
1.4780587510031182,-0.07713981000000003,-0.040733749999999985,1.39852931,-0.10608841,0.06025504,1.421691,0.7283064,-0.609615,-0.3129525,-0.57577807,-0.792034,0.20288369,-0.37154996,0.032429703,-0.9278464,0.6616842,-0.6030529,0.44553474,-0.6030529,-0.79576045,-0.2781734,0.44553474,-0.05561029,-0.85095143,0.6302,-0.70759,-0.31963,-0.75925,-0.64774,-0.06302,-0.16245,0.28239,-0.94544,-0.1057896,0.060065676,1.421691
1.4948497230070643,-0.08004768000000001,-0.04347026000000001,1.3991891600000002,-0.11023881,0.0641836,1.449178,0.67501515,-0.6206214,0.3989783,-0.52377576,-0.78394705,-0.33329564,0.5196282,0.016004438,-0.85424256,0.7422739,-0.61627513,-0.26312432,-0.61627513,-0.7864581,0.25480595,-0.26312432,-0.04109299,-0.930505,0.63397,-0.6999,-0.32897,-0.75515,-0.65201,-0.0681,-0.16682,0.29159,-0.94188,-0.11044442,0.06438153,1.4485046
1.5116671459982172,-0.08481353000000003,-0.046515009999999996,1.3992526,-0.11736298,0.067215,1.4995308,0.77811754,-0.6137114,-0.1337588,-0.599691,-0.7892006,0.13241257,-0.18682563,-0.022818599,-0.982128,0.73525393,-0.6152429,0.2843903,-0.6152429,-0.7883305,-0.2179933,0.2843903,-0.0033401593,-0.9335958,0.61734,-0.70043,-0.35816,-0.76272,-0.64444,-0.05437,-0.19273,0.30674,-0.93207,-0.11717107,0.067060985,1.4992316
1.5284573670069221,-0.08677478999999999,-0.04769609,1.3990219400000001,-0.11684149,0.06730231,1.4472171,0.7599516,-0.6322128,-0.15093209,-0.5839201,-0.7660512,0.26870593,-0.28550103,-0.116071224,-0.9513236,0.69978684,-0.6483374,0.2999283,-0.6483374,-0.75684184,-0.35380304,0.2999283,0.082758754,-0.8859269,0.61881,-0.6991,-0.35822,-0.76084,-0.64686,-0.05192,-0.19542,0.30468,-0.93219,-0.11663692,0.067040816,1.4469249
1.5452673149993643,-0.09107683999999999,-0.04998795000000003,1.3981300300000001,-0.122306466,0.07108652,1.4771041,0.7514269,-0.62821424,-0.20175369,-0.5955363,-0.7773809,0.20252281,-0.28406715,-0.032029442,-0.95826924,0.6899496,-0.6310703,0.3545699,-0.6310703,-0.77572167,-0.2912991,0.3545699,0.0024856208,-0.8884959,0.62229,-0.69599,-0.35826,-0.75681,-0.65185,-0.04822,-0.19997,0.30114,-0.93238,-0.12208685,0.07089227,1.4771041
1.5621475310181268,-0.09593173999999999,-0.052501679999999995,1.39681139,-0.12716067,0.07351185,1.477131,0.752146,-0.6280845,-0.19946495,-0.5958819,-0.7774683,0.20116617,-0.28142703,-0.032448795,-0.95903385,0.6881224,-0.6309916,0.35824177,-0.6309916,-0.7757885,-0.29291177,0.35824177,0.0013423923,-0.8864906,0.63077,-0.68539,-0.36384,-0.74858,-0.66095,-0.0527,-0.20436,0.3056,-0.92997,-0.12694049,0.073317535,1.477131
1.5789825649990235,-0.09854290999999998,-0.05362239000000002,1.39589216,-0.13201512,0.075937316,1.4771588,0.75285083,-0.6279536,-0.19720514,-0.59622055,-0.777557,0.19981521,-0.27881294,-0.032853287,-0.9597833,0.68626934,-0.63090473,0.36193034,-0.63090473,-0.77586025,-0.2945241,0.36193034,0.00018764375,-0.88445574,0.63292,-0.68151,-0.36737,-0.74604,-0.66369,-0.05411,-0.20694,0.30832,-0.9285,-0.13179435,0.07574293,1.4771588
1.5957472290028818,-0.10414204999999999,-0.05559357000000001,1.39360815,-0.13625404,0.0768404,1.4705137,0.75735414,-0.6175347,-0.21228652,-0.5494241,-0.77830404,0.3039342,-0.35291335,-0.1135505,-0.92874026,0.6746277,-0.6352941,0.37587085,-0.6352941,-0.76829815,-0.3961002,0.37587085,0.07822677,-0.83775043,0.63763,-0.67545,-0.3704,-0.74053,-0.66993,-0.05312,-0.21226,0.30816,-0.92735,-0.13603008,0.07657583,1.4705138
1.6125258970132563,-0.11015955999999999,-0.05706269000000003,1.39082559,-0.13881761,0.0760861,1.4493948,0.6629149,-0.62029153,0.41926393,-0.5185222,-0.7843269,-0.3405379,0.54007274,0.0083500035,-0.84157693,0.748051,-0.61520344,-0.24888651,-0.61520344,-0.78709763,0.24775927,-0.24888651,-0.044744827,-0.936307,0.64181,-0.67249,-0.36856,-0.73511,-0.67639,-0.04593,-0.21841,0.30041,-0.92847,-0.13901238,0.07627822,1.4487202
1.6292404100240674,-0.11323185999999996,-0.05765356000000002,1.38937433,-0.14856113,0.08035512,1.491242,0.7865689,-0.5997205,-0.14712147,-0.55378926,-0.7904993,0.261588,-0.2731791,-0.12428269,-0.95390093,0.71124524,-0.62079495,0.32976332,-0.62079495,-0.7791859,-0.35963556,0.32976332,0.086504,-0.8728794,0.64331,-0.67188,-0.36705,-0.73306,-0.67885,-0.04217,-0.22084,0.29619,-0.92925,-0.14834823,0.08010118,1.4909686
1.6461595930159092,-0.11947785999999999,-0.05867601,1.38653491,-0.15593743,0.0813057,1.4974322,0.7670502,-0.62680125,-0.13694565,-0.5798639,-0.76862854,0.27012593,-0.27457562,-0.12779032,-0.9530361,0.6877026,-0.64827216,0.3268154,-0.64827216,-0.75736815,-0.3697028,0.3268154,0.078337096,-0.8697767,0.64605,-0.66934,-0.36688,-0.72941,-0.683,-0.03837,-0.2249,0.29239,-0.92948,-0.15568772,0.08102389,1.4967587
1.6629526330216322,-0.12592669,-0.05947108000000001,1.38382474,-0.15873829,0.080804065,1.4775014,0.75679183,-0.6269322,-0.18499218,-0.59662676,-0.7781368,0.19631508,-0.26702547,-0.038198363,-0.9629321,0.67615545,-0.6297665,0.38237143,-0.6297665,-0.7766948,-0.2967372,0.38237143,-0.011805411,-0.8750652,0.64896,-0.66468,-0.3702,-0.72557,-0.68708,-0.03831,-0.22889,0.29347,-0.92816,-0.15851405,0.08061053,1.4775014
1.67977502301801,-0.12912579000000002,-0.05987711000000001,1.38296882,-0.16682565,0.08260522,1.4919883,0.7048029,-0.62112933,0.34271166,-0.5120386,-0.77977574,-0.36023086,0.4909882,0.078410156,-0.86763036,0.78911746,-0.5982201,-0.13937826,-0.5982201,-0.7911987,0.2588455,-0.13937826,-0.12703294,-0.95580995,0.65104,-0.65971,-0.37541,-0.72483,-0.68715,-0.04948,-0.22532,0.30432,-0.92554,-0.16698232,0.08282782,1.4917091
