NO_OF_FRAMES	9323
NO_OF_CAMERAS	8
NO_OF_BODIES	4
FREQUENCY	100
NO_OF_ANALOG	0
ANALOG_FREQUENCY	0
DESCRIPTION	--
TIME_STAMP	2024-04-17, 20:11:18.796	525978.34156500
DATA_INCLUDED	6D
BODY_NAMES	poseCube
BODY_FILTERS	No filter
TRANSLATION_ORIGIN	Global	
ROTATION_ORIGIN	Global	
Frame	Time				poseCube X	Y	Z	Roll	Pitch	Yaw	Residual	Rot[0]	Rot[1]	Rot[2]	Rot[3]	Rot[4]	Rot[5]	Rot[6]	Rot[7]	Rot[8]	
1	0.00000				201.74231	175.18684	66.21351	5.65126	28.71165	149.45367	0.68835	-0.75533	0.46502	0.46177	-0.44575	-0.88108	0.15816	0.48040	-0.08637	0.87279	
2	0.01000				201.74041	175.18741	66.21350	5.65396	28.71352	149.45236	0.68434	-0.75531	0.46502	0.46181	-0.44576	-0.88107	0.15815	0.48043	-0.08641	0.87277	
3	0.02000				201.74153	175.18649	66.21577	5.65533	28.70949	149.44765	0.68614	-0.75530	0.46509	0.46176	-0.44584	-0.88104	0.15813	0.48037	-0.08643	0.87280	
4	0.03000				201.78775	175.27274	66.28628	5.58731	28.80410	149.41028	0.77713	-0.75432	0.46609	0.46234	-0.44592	-0.88062	0.16021	0.48182	-0.08532	0.87211	
5	0.04000				201.78574	175.27363	66.28698	5.58697	28.80206	149.40326	0.77797	-0.75428	0.46620	0.46229	-0.44602	-0.88056	0.16026	0.48179	-0.08531	0.87213	
6	0.05000				201.79135	175.27281	66.28372	5.58885	28.80856	149.40308	0.77985	-0.75424	0.46618	0.46239	-0.44600	-0.88056	0.16028	0.48188	-0.08534	0.87207	
7	0.06000				201.69122	175.12645	66.34914	5.65729	28.68877	149.38342	0.86920	-0.75495	0.46608	0.46132	-0.44677	-0.88050	0.15846	0.48005	-0.08648	0.87297	
8	0.07000				201.78420	175.51406	66.17631	5.42625	28.78241	149.42526	0.60721	-0.75460	0.46718	0.46079	-0.44582	-0.88027	0.16240	0.48148	-0.08288	0.87253	
9	0.08000				201.78686	175.54704	66.16248	5.39429	28.78032	149.44807	0.58928	-0.75479	0.46709	0.46056	-0.44553	-0.88036	0.16269	0.48145	-0.08240	0.87259	
10	0.09000				201.78114	175.56974	66.15354	5.37038	28.76962	149.45065	0.57449	-0.75489	0.46726	0.46023	-0.44554	-0.88031	0.16295	0.48129	-0.08204	0.87271	
11	0.10000				201.78345	175.57773	66.14011	5.36585	28.77192	149.44260	0.56083	-0.75481	0.46741	0.46020	-0.44564	-0.88023	0.16311	0.48132	-0.08197	0.87270	
12	0.11000				201.78182	175.59732	66.13636	5.34890	28.76660	149.45377	0.55422	-0.75493	0.46738	0.46003	-0.44551	-0.88027	0.16324	0.48124	-0.08172	0.87277	
13	0.12000				201.77606	175.60348	66.13310	5.34102	28.76184	149.45680	0.54951	-0.75499	0.46741	0.45991	-0.44549	-0.88027	0.16330	0.48117	-0.08160	0.87282	
14	0.13000				201.77781	175.61130	66.12882	5.34344	28.76218	149.44592	0.54483	-0.75490	0.46755	0.45990	-0.44563	-0.88019	0.16335	0.48118	-0.08164	0.87281	
15	0.14000				201.77578	175.62052	66.12034	5.32832	28.76193	149.45306	0.53933	-0.75496	0.46757	0.45980	-0.44554	-0.88020	0.16352	0.48117	-0.08141	0.87284	
16	0.15000				201.77540	175.62098	66.12160	5.32674	28.75517	149.45062	0.53390	-0.75499	0.46762	0.45969	-0.44560	-0.88017	0.16351	0.48107	-0.08139	0.87290	
17	0.16000				201.77319	175.62861	66.11948	5.32395	28.74816	149.45183	0.53577	-0.75505	0.46764	0.45958	-0.44562	-0.88017	0.16349	0.48096	-0.08135	0.87296	
18	0.17000				201.77490	175.63672	66.11599	5.31638	28.74875	149.45903	0.52989	-0.75510	0.46759	0.45954	-0.44552	-0.88021	0.16355	0.48097	-0.08123	0.87297	
19	0.18000				201.77207	175.64276	66.11303	5.30893	28.74514	149.46451	0.52781	-0.75517	0.46757	0.45945	-0.44546	-0.88023	0.16360	0.48091	-0.08112	0.87301	
20	0.19000				201.76731	175.64645	66.10978	5.30408	28.74528	149.46014	0.52583	-0.75514	0.46767	0.45940	-0.44552	-0.88018	0.16371	0.48092	-0.08105	0.87301	
21	0.20000				201.77302	175.64747	66.10996	5.30823	28.74288	149.46222	0.52494	-0.75517	0.46761	0.45941	-0.44550	-0.88021	0.16361	0.48088	-0.08111	0.87303	
22	0.21000				201.77320	175.64902	66.10447	5.30747	28.74410	149.45795	0.52291	-0.75513	0.46768	0.45941	-0.44555	-0.88017	0.16366	0.48090	-0.08110	0.87302	
23	0.22000				201.77058	175.66005	66.10510	5.29182	28.74552	149.46410	0.51904	-0.75517	0.46771	0.45932	-0.44546	-0.88018	0.16387	0.48092	-0.08086	0.87303	
24	0.23000				201.76901	175.65781	66.10672	5.29739	28.73722	149.46152	0.51978	-0.75521	0.46771	0.45924	-0.44553	-0.88016	0.16374	0.48079	-0.08095	0.87309	
25	0.24000				201.76895	175.65589	66.10450	5.29716	28.73779	149.46118	0.51817	-0.75520	0.46772	0.45925	-0.44554	-0.88016	0.16375	0.48080	-0.08095	0.87308	
26	0.25000				201.76932	175.66356	66.09977	5.28769	28.74134	149.46748	0.51506	-0.75522	0.46770	0.45924	-0.44544	-0.88019	0.16387	0.48086	-0.08080	0.87307	
27	0.26000				201.77716	175.66454	66.09773	5.29143	28.74683	149.46385	0.51784	-0.75516	0.46771	0.45933	-0.44546	-0.88017	0.16388	0.48094	-0.08086	0.87302	
28	0.27000				201.76933	175.66717	66.09725	5.28896	28.73942	149.46309	0.51471	-0.75520	0.46776	0.45921	-0.44550	-0.88015	0.16387	0.48083	-0.08082	0.87308	
29	0.28000				201.76809	175.66829	66.09743	5.29224	28.73757	149.46407	0.51668	-0.75522	0.46772	0.45921	-0.44550	-0.88017	0.16380	0.48080	-0.08088	0.87309	
30	0.29000				201.77028	175.66261	66.09972	5.29264	28.73816	149.46634	0.51421	-0.75524	0.46768	0.45923	-0.44547	-0.88019	0.16378	0.48081	-0.08088	0.87309	
31	0.30000				201.76754	175.67278	66.09582	5.28388	28.74208	149.47314	0.51317	-0.75526	0.46764	0.45923	-0.44536	-0.88022	0.16389	0.48087	-0.08074	0.87307	
32	0.31000				201.76192	175.67323	66.09426	5.28360	28.73063	149.47250	0.51290	-0.75534	0.46766	0.45908	-0.44542	-0.88021	0.16381	0.48069	-0.08075	0.87316	
33	0.32000				201.77194	175.66750	66.09396	5.29119	28.74245	149.46118	0.51126	-0.75517	0.46776	0.45926	-0.44552	-0.88015	0.16388	0.48087	-0.08086	0.87305	
34	0.33000				201.76827	175.67202	66.09203	5.29289	28.74057	149.46281	0.50989	-0.75519	0.46773	0.45926	-0.44550	-0.88016	0.16382	0.48084	-0.08088	0.87307	
35	0.34000				201.76533	175.67931	66.09041	5.27266	28.73550	149.47505	0.51008	-0.75532	0.46771	0.45906	-0.44536	-0.88020	0.16400	0.48077	-0.08058	0.87314	
36	0.35000				201.76432	175.68246	66.08663	5.27588	28.73769	149.46541	0.50809	-0.75523	0.46783	0.45909	-0.44548	-0.88014	0.16404	0.48080	-0.08063	0.87312	
37	0.36000				201.76417	175.67897	66.09118	5.27967	28.72962	149.46716	0.50885	-0.75531	0.46778	0.45902	-0.44549	-0.88015	0.16391	0.48068	-0.08069	0.87318	
38	0.37000				201.76765	175.67501	66.08652	5.28824	28.73982	149.46178	0.50682	-0.75519	0.46778	0.45920	-0.44552	-0.88014	0.16390	0.48083	-0.08081	0.87308	
39	0.38000				201.76335	175.68464	66.08928	5.27757	28.72816	149.46689	0.50830	-0.75531	0.46780	0.45898	-0.44550	-0.88015	0.16393	0.48065	-0.08066	0.87319	
40	0.39000				201.76776	175.68113	66.08716	5.28224	28.73160	149.46722	0.50903	-0.75529	0.46776	0.45906	-0.44548	-0.88016	0.16388	0.48071	-0.08073	0.87316	
41	0.40000				201.77068	175.68366	66.08373	5.27582	28.73869	149.47023	0.50745	-0.75526	0.46775	0.45911	-0.44541	-0.88017	0.16401	0.48082	-0.08062	0.87311	
42	0.41000				201.77001	175.67937	66.08939	5.28274	28.73261	149.46169	0.50746	-0.75524	0.46784	0.45907	-0.44555	-0.88012	0.16393	0.48072	-0.08073	0.87315	
43	0.42000				201.76525	175.68293	66.08168	5.27207	28.73622	149.47235	0.50215	-0.75530	0.46775	0.45906	-0.44540	-0.88018	0.16403	0.48078	-0.08057	0.87313	
44	0.43000				201.76641	175.67623	66.08573	5.28530	28.72898	149.46487	0.50574	-0.75529	0.46777	0.45905	-0.44553	-0.88015	0.16383	0.48067	-0.08078	0.87317	
45	0.44000				201.76400	175.68836	66.08732	5.27100	28.73028	149.46924	0.50648	-0.75532	0.46782	0.45896	-0.44546	-0.88015	0.16403	0.48069	-0.08056	0.87318	
46	0.45000				201.76801	175.68865	66.08427	5.27623	28.73405	149.46445	0.50553	-0.75525	0.46784	0.45904	-0.44551	-0.88013	0.16401	0.48074	-0.08063	0.87315	
47	0.46000				201.76351	175.68303	66.08792	5.27773	28.73205	149.46443	0.50388	-0.75527	0.46783	0.45902	-0.44552	-0.88013	0.16398	0.48071	-0.08066	0.87316	
48	0.47000				201.76576	175.68825	66.08517	5.27140	28.73514	149.47838	0.50403	-0.75535	0.46767	0.45905	-0.44532	-0.88023	0.16399	0.48076	-0.08056	0.87314	
49	0.48000				201.76847	175.68858	66.08426	5.27201	28.73807	149.47319	0.50300	-0.75529	0.46774	0.45908	-0.44538	-0.88019	0.16404	0.48081	-0.08057	0.87312	
50	0.49000				201.76538	175.68819	66.08268	5.27392	28.73306	149.46552	0.50217	-0.75527	0.46785	0.45901	-0.44550	-0.88013	0.16403	0.48073	-0.08060	0.87316	
51	0.50000				201.76623	175.69317	66.08346	5.26622	28.73633	149.47357	0.50246	-0.75531	0.46778	0.45901	-0.44538	-0.88017	0.16411	0.48078	-0.08048	0.87314	
52	0.51000				201.76800	175.69696	66.08163	5.26383	28.73394	149.47682	0.50093	-0.75535	0.46775	0.45897	-0.44535	-0.88019	0.16410	0.48074	-0.08045	0.87316	
53	0.52000				201.76844	175.69306	66.08503	5.26690	28.73280	149.47379	0.50195	-0.75533	0.46778	0.45897	-0.44539	-0.88017	0.16407	0.48073	-0.08049	0.87317	
54	0.53000				201.76746	175.69921	66.08060	5.25614	28.73408	149.48094	0.50174	-0.75538	0.46775	0.45892	-0.44529	-0.88020	0.16419	0.48075	-0.08033	0.87317	
55	0.54000				201.76845	175.69309	66.08209	5.26875	28.72993	149.47255	0.50377	-0.75535	0.46778	0.45895	-0.44542	-0.88017	0.16403	0.48068	-0.08052	0.87319	
56	0.55000				201.76968	175.68899	66.07813	5.26985	28.73784	149.46664	0.50041	-0.75524	0.46786	0.45904	-0.44546	-0.88013	0.16412	0.48080	-0.08053	0.87312	
57	0.56000				201.76783	175.69270	66.08405	5.26870	28.72740	149.46892	0.50257	-0.75534	0.46784	0.45890	-0.44548	-0.88014	0.16404	0.48064	-0.08052	0.87321	
58	0.57000				201.76604	175.69459	66.07822	5.26803	28.73031	149.46432	0.50054	-0.75528	0.46792	0.45892	-0.44553	-0.88010	0.16411	0.48069	-0.08051	0.87319	
59	0.58000				201.76835	175.68869	66.08482	5.27761	28.72563	149.45924	0.49958	-0.75527	0.46792	0.45892	-0.44561	-0.88008	0.16397	0.48062	-0.08066	0.87321	
60	0.59000				201.76555	175.69374	66.08087	5.26194	28.73086	149.47609	0.49954	-0.75537	0.46778	0.45891	-0.44537	-0.88018	0.16412	0.48070	-0.08042	0.87319	
61	0.60000				201.76952	175.68566	66.08143	5.27852	28.73420	149.45883	0.49859	-0.75521	0.46791	0.45904	-0.44558	-0.88009	0.16403	0.48075	-0.08067	0.87314	
62	0.61000				201.76980	175.69585	66.08493	5.26534	28.72945	149.47105	0.49903	-0.75534	0.46783	0.45891	-0.44544	-0.88015	0.16409	0.48067	-0.08047	0.87320	
63	0.62000				201.77003	175.69972	66.07999	5.25775	28.73184	149.47388	0.49979	-0.75534	0.46785	0.45889	-0.44539	-0.88015	0.16421	0.48071	-0.08035	0.87319	
64	0.63000				201.76672	175.70103	66.08420	5.25783	28.73224	149.47620	0.49836	-0.75536	0.46781	0.45890	-0.44536	-0.88017	0.16419	0.48072	-0.08035	0.87319	
65	0.64000				201.77018	175.70079	66.07863	5.26473	28.73429	149.46815	0.49837	-0.75528	0.46788	0.45896	-0.44546	-0.88012	0.16416	0.48075	-0.08046	0.87316	
66	0.65000				201.77047	175.69455	66.07807	5.26896	28.73773	149.46504	0.49710	-0.75523	0.46789	0.45903	-0.44549	-0.88011	0.16415	0.48080	-0.08052	0.87312	
67	0.66000				201.76700	175.70167	66.08273	5.26134	28.72787	149.47209	0.49977	-0.75536	0.46785	0.45886	-0.44543	-0.88014	0.16413	0.48065	-0.08041	0.87322	
68	0.67000				201.76584	175.70246	66.07731	5.26146	28.73421	149.47203	0.49783	-0.75531	0.46784	0.45894	-0.44541	-0.88015	0.16418	0.48075	-0.08041	0.87316	
69	0.68000				201.76666	175.69724	66.08138	5.26859	28.73081	149.47401	0.49886	-0.75535	0.46776	0.45896	-0.44540	-0.88018	0.16403	0.48070	-0.08052	0.87318	
70	0.69000				201.76964	175.69866	66.08130	5.25904	28.73045	149.46790	0.49403	-0.75531	0.46793	0.45886	-0.44548	-0.88010	0.16422	0.48069	-0.08037	0.87320	
71	0.70000				201.77541	175.69352	66.07826	5.27304	28.74137	149.46620	0.49834	-0.75521	0.46783	0.45911	-0.44545	-0.88014	0.16411	0.48086	-0.08058	0.87309	
72	0.71000				201.76860	175.69746	66.08076	5.26249	28.73064	149.46201	0.49686	-0.75526	0.46799	0.45887	-0.44556	-0.88006	0.16422	0.48069	-0.08043	0.87319	
73	0.72000				201.76878	175.70076	66.08006	5.26136	28.72773	149.47246	0.49942	-0.75536	0.46785	0.45886	-0.44543	-0.88014	0.16413	0.48065	-0.08041	0.87322	
74	0.73000				201.76669	175.70255	66.07887	5.25606	28.73078	149.47368	0.49529	-0.75535	0.46787	0.45886	-0.44540	-0.88014	0.16422	0.48069	-0.08033	0.87320	
75	0.74000				201.77078	175.69407	66.07828	5.26997	28.73552	149.46619	0.49770	-0.75526	0.46786	0.45901	-0.44548	-0.88012	0.16411	0.48077	-0.08054	0.87314	
76	0.75000				201.76815	175.70553	66.07964	5.25273	28.72625	149.47742	0.49672	-0.75541	0.46784	0.45878	-0.44537	-0.88016	0.16421	0.48063	-0.08028	0.87324	
77	0.76000				201.76534	175.70334	66.08127	5.25264	28.72364	149.47830	0.49817	-0.75544	0.46783	0.45875	-0.44537	-0.88016	0.16418	0.48059	-0.08028	0.87327	
78	0.77000				201.76505	175.70606	66.07797	5.25300	28.72621	149.47536	0.49526	-0.75539	0.46787	0.45878	-0.44540	-0.88014	0.16422	0.48062	-0.08029	0.87324	
79	0.78000				201.76876	175.69946	66.07853	5.26180	28.73323	149.47389	0.49773	-0.75533	0.46781	0.45894	-0.44539	-0.88016	0.16415	0.48073	-0.08041	0.87317	
80	0.79000				201.76409	175.70372	66.07705	5.25705	28.72652	149.47401	0.49635	-0.75538	0.46786	0.45881	-0.44542	-0.88014	0.16417	0.48063	-0.08035	0.87324	
81	0.80000				201.77297	175.69949	66.08095	5.26670	28.73157	149.46480	0.49662	-0.75527	0.46792	0.45893	-0.44552	-0.88010	0.16414	0.48071	-0.08049	0.87318	
82	0.81000				201.77028	175.70182	66.07882	5.25719	28.73309	149.47159	0.49688	-0.75531	0.46789	0.45889	-0.44542	-0.88013	0.16424	0.48073	-0.08034	0.87318	
83	0.82000				201.76809	175.70133	66.07798	5.26287	28.72570	149.46631	0.49571	-0.75533	0.46793	0.45883	-0.44552	-0.88010	0.16414	0.48062	-0.08044	0.87323	
84	0.83000				201.77102	175.70783	66.07710	5.25178	28.72887	149.47981	0.49671	-0.75541	0.46781	0.45882	-0.44533	-0.88018	0.16423	0.48067	-0.08027	0.87322	
85	0.84000				201.76987	175.70395	66.07536	5.25575	28.72882	149.47057	0.49514	-0.75534	0.46792	0.45882	-0.44545	-0.88011	0.16424	0.48066	-0.08033	0.87322	
86	0.85000				201.77177	175.69620	66.08053	5.27034	28.72689	149.46695	0.49562	-0.75532	0.46786	0.45890	-0.44551	-0.88012	0.16403	0.48064	-0.08055	0.87321	
87	0.86000				201.77208	175.70488	66.07473	5.25698	28.73444	149.48018	0.49602	-0.75537	0.46776	0.45893	-0.44530	-0.88020	0.16419	0.48075	-0.08034	0.87317	
88	0.87000				201.76886	175.70637	66.07765	5.24831	28.72859	149.47830	0.49379	-0.75540	0.46786	0.45878	-0.44535	-0.88015	0.16429	0.48066	-0.08021	0.87323	
89	0.88000				201.77230	175.69803	66.07252	5.26299	28.73333	149.46741	0.49504	-0.75528	0.46790	0.45893	-0.44547	-0.88011	0.16419	0.48073	-0.08043	0.87317	
90	0.89000				201.77193	175.69441	66.07709	5.26628	28.73478	149.46384	0.49660	-0.75524	0.46793	0.45897	-0.44551	-0.88009	0.16418	0.48076	-0.08048	0.87315	
91	0.90000				201.77199	175.69716	66.07641	5.26388	28.73559	149.46672	0.49546	-0.75526	0.46791	0.45896	-0.44547	-0.88011	0.16420	0.48077	-0.08044	0.87315	
92	0.91000				201.76955	175.70290	66.07909	5.25800	28.72664	149.47218	0.49584	-0.75537	0.46788	0.45881	-0.44544	-0.88013	0.16417	0.48063	-0.08036	0.87323	
93	0.92000				201.77178	175.70276	66.07523	5.25794	28.73208	149.46695	0.49366	-0.75529	0.46795	0.45887	-0.44548	-0.88009	0.16426	0.48071	-0.08036	0.87319	
94	0.93000				201.77063	175.70364	66.07809	5.25886	28.72785	149.46849	0.49507	-0.75533	0.46793	0.45883	-0.44548	-0.88010	0.16420	0.48065	-0.08037	0.87322	
95	0.94000				201.76980	175.71127	66.07529	5.24283	28.73200	149.48215	0.49262	-0.75540	0.46784	0.45879	-0.44528	-0.88017	0.16437	0.48071	-0.08013	0.87321	
96	0.95000				201.76645	175.71107	66.07695	5.24805	28.72446	149.47867	0.49686	-0.75543	0.46786	0.45872	-0.44536	-0.88015	0.16426	0.48060	-0.08021	0.87326	
97	0.96000				201.76788	175.71008	66.07796	5.24716	28.72561	149.48366	0.49453	-0.75546	0.46779	0.45875	-0.44529	-0.88019	0.16424	0.48062	-0.08020	0.87326	
98	0.97000				201.76772	175.70446	66.07624	5.26123	28.73001	149.47134	0.49734	-0.75534	0.46786	0.45888	-0.44544	-0.88014	0.16416	0.48068	-0.08041	0.87320	
99	0.98000				201.77072	175.70410	66.07744	5.26027	28.73003	149.47112	0.49349	-0.75533	0.46787	0.45887	-0.44544	-0.88013	0.16417	0.48068	-0.08039	0.87320	
100	0.99000				201.76679	175.71469	66.07841	5.24066	28.72451	149.48685	0.49452	-0.75550	0.46780	0.45869	-0.44525	-0.88020	0.16431	0.48060	-0.08010	0.87327	
101	1.00000				201.76594	175.71055	66.07194	5.25061	28.72244	149.47343	0.49699	-0.75541	0.46792	0.45870	-0.44544	-0.88012	0.16425	0.48057	-0.08025	0.87328	
102	1.01000				201.77018	175.70553	66.07705	5.24693	28.72685	149.48260	0.49024	-0.75545	0.46781	0.45876	-0.44530	-0.88018	0.16426	0.48063	-0.08019	0.87325	
103	1.02000				201.76716	175.70227	66.07597	5.25771	28.72335	149.47551	0.49441	-0.75542	0.46783	0.45878	-0.44541	-0.88016	0.16413	0.48058	-0.08036	0.87326	
104	1.03000				201.76780	175.70576	66.07761	5.25454	28.72393	149.47054	0.49527	-0.75537	0.46794	0.45875	-0.44547	-0.88011	0.16422	0.48059	-0.08031	0.87326	
105	1.04000				201.77004	175.70805	66.07015	5.25205	28.73035	149.47653	0.49234	-0.75537	0.46786	0.45883	-0.44537	-0.88015	0.16426	0.48069	-0.08027	0.87321	
106	1.05000				201.76507	175.71403	66.07446	5.23884	28.72553	149.48260	0.49196	-0.75545	0.46787	0.45867	-0.44531	-0.88016	0.16438	0.48061	-0.08007	0.87327	
107	1.06000				201.76285	175.71353	66.07464	5.24400	28.72256	149.48114	0.49249	-0.75547	0.46786	0.45867	-0.44534	-0.88016	0.16429	0.48057	-0.08015	0.87329	
108	1.07000				201.76508	175.71350	66.07561	5.24585	28.72336	149.47557	0.49083	-0.75542	0.46793	0.45868	-0.44541	-0.88012	0.16431	0.48058	-0.08018	0.87328	
109	1.08000				201.76314	175.70976	66.07456	5.24942	28.72417	149.47688	0.49439	-0.75542	0.46788	0.45873	-0.44539	-0.88014	0.16425	0.48059	-0.08023	0.87327	
110	1.09000				201.76353	175.71392	66.07433	5.24285	28.73216	149.48242	0.49285	-0.75541	0.46784	0.45879	-0.44528	-0.88018	0.16437	0.48072	-0.08013	0.87321	
111	1.10000				201.76261	175.71066	66.07658	5.24865	28.72420	149.47531	0.49242	-0.75541	0.46791	0.45872	-0.44541	-0.88013	0.16427	0.48059	-0.08022	0.87327	
112	1.11000				201.76739	175.70797	66.07202	5.25019	28.73389	149.47797	0.49166	-0.75536	0.46784	0.45886	-0.44533	-0.88016	0.16430	0.48074	-0.08024	0.87318	
113	1.12000				201.76616	175.70765	66.07889	5.25360	28.72169	149.47212	0.49323	-0.75540	0.46792	0.45871	-0.44546	-0.88011	0.16420	0.48056	-0.08030	0.87328	
114	1.13000				201.76312	175.71384	66.07396	5.24825	28.71997	149.47633	0.49337	-0.75545	0.46790	0.45866	-0.44541	-0.88013	0.16424	0.48053	-0.08022	0.87330	
115	1.14000				201.76450	175.71314	66.07240	5.25216	28.72885	149.47452	0.49274	-0.75537	0.46789	0.45880	-0.44540	-0.88014	0.16426	0.48067	-0.08027	0.87322	
116	1.15000				201.76745	175.70742	66.07501	5.26048	28.72893	149.47133	0.49165	-0.75534	0.46787	0.45886	-0.44544	-0.88013	0.16416	0.48067	-0.08040	0.87321	
117	1.16000				201.76506	175.71166	66.07085	5.25462	28.72740	149.47163	0.49255	-0.75536	0.46791	0.45880	-0.44544	-0.88012	0.16424	0.48064	-0.08031	0.87323	
118	1.17000				201.76600	175.71083	66.07341	5.24764	28.73211	149.47812	0.49380	-0.75537	0.46786	0.45882	-0.44534	-0.88015	0.16433	0.48072	-0.08020	0.87320	
119	1.18000				201.76291	175.70587	66.07696	5.25956	28.72248	149.46619	0.49314	-0.75535	0.46796	0.45876	-0.44554	-0.88008	0.16417	0.48057	-0.08039	0.87327	
120	1.19000				201.76696	175.70739	66.07431	5.25754	28.72142	149.46748	0.49434	-0.75537	0.46796	0.45873	-0.44552	-0.88009	0.16418	0.48055	-0.08036	0.87328	
121	1.20000				201.76715	175.70785	66.07375	5.25695	28.72533	149.47206	0.49510	-0.75537	0.46789	0.45879	-0.44545	-0.88013	0.16418	0.48061	-0.08035	0.87325	
122	1.21000				201.76804	175.70749	66.07191	5.25217	28.73110	149.46918	0.49044	-0.75531	0.46797	0.45882	-0.44546	-0.88009	0.16432	0.48070	-0.08027	0.87320	
123	1.22000				201.77131	175.70558	66.07248	5.25666	28.73448	149.47363	0.49034	-0.75532	0.46786	0.45891	-0.44539	-0.88014	0.16424	0.48075	-0.08034	0.87317	
124	1.23000				201.76742	175.71100	66.07793	5.24715	28.73038	149.47493	0.49162	-0.75536	0.46792	0.45878	-0.44539	-0.88013	0.16435	0.48069	-0.08019	0.87322	
125	1.24000				201.76762	175.71083	66.07426	5.25115	28.73207	149.47125	0.49194	-0.75532	0.46794	0.45883	-0.44543	-0.88011	0.16433	0.48071	-0.08025	0.87320	
126	1.25000				201.76706	175.71291	66.07369	5.25071	28.72572	149.47411	0.49180	-0.75539	0.46791	0.45875	-0.44542	-0.88013	0.16426	0.48062	-0.08025	0.87325	
127	1.26000				201.76615	175.71157	66.07516	5.25128	28.72329	149.47395	0.49337	-0.75540	0.46791	0.45872	-0.44543	-0.88012	0.16424	0.48058	-0.08026	0.87327	
128	1.27000				201.76808	175.70927	66.07130	5.25094	28.72770	149.47211	0.49307	-0.75536	0.46794	0.45877	-0.44544	-0.88011	0.16429	0.48065	-0.08025	0.87323	
129	1.28000				201.76311	175.71388	66.07111	5.24594	28.72394	149.47823	0.49291	-0.75543	0.46789	0.45870	-0.44537	-0.88014	0.16429	0.48059	-0.08018	0.87327	
130	1.29000				201.75285	175.71854	66.07686	5.24284	28.71794	149.47578	0.49229	-0.75546	0.46796	0.45859	-0.44543	-0.88011	0.16431	0.48050	-0.08014	0.87333	
131	1.30000				201.74339	175.73293	66.07686	5.22275	28.71724	149.50963	0.49245	-0.75572	0.46760	0.45851	-0.44498	-0.88033	0.16434	0.48049	-0.07983	0.87336	
132	1.31000				201.73723	175.74873	66.07569	5.18597	28.73082	149.59285	0.48991	-0.75627	0.46660	0.45863	-0.44383	-0.88091	0.16435	0.48070	-0.07926	0.87330	
133	1.32000				201.74932	175.74737	66.06772	5.16232	28.75043	149.67712	0.48862	-0.75678	0.46547	0.45894	-0.44263	-0.88154	0.16419	0.48100	-0.07889	0.87317	
134	1.33000				201.75499	175.75851	66.06958	5.10289	28.76207	149.78441	0.48316	-0.75753	0.46428	0.45891	-0.44117	-0.88225	0.16433	0.48117	-0.07797	0.87315	
135	1.34000				201.74588	175.78210	66.06997	5.06256	28.75221	149.82291	0.48201	-0.75789	0.46402	0.45857	-0.44070	-0.88244	0.16457	0.48102	-0.07736	0.87329	
136	1.35000				201.73650	175.76272	66.07336	5.12044	28.75274	149.76306	0.48589	-0.75743	0.46448	0.45887	-0.44149	-0.88212	0.16416	0.48103	-0.07825	0.87321	
137	1.36000				201.60316	175.88291	66.07996	5.02396	28.66369	149.77107	0.48720	-0.75814	0.46523	0.45694	-0.44176	-0.88185	0.16490	0.47967	-0.07684	0.87408	
138	1.37000				201.31124	176.16083	66.11076	4.93018	28.54537	149.81192	0.48314	-0.75930	0.46548	0.45473	-0.44171	-0.88183	0.16511	0.47785	-0.07549	0.87519	
139	1.38000				200.89826	176.72224	66.12395	4.77440	28.41160	149.89188	0.48566	-0.76088	0.46563	0.45193	-0.44121	-0.88194	0.16585	0.47580	-0.07321	0.87650	
140	1.39000				200.37353	177.46505	66.17823	4.62675	28.13636	149.93805	0.49011	-0.76321	0.46638	0.44722	-0.44174	-0.88172	0.16564	0.47157	-0.07113	0.87895	
141	1.40000				199.68076	178.12131	66.37897	4.56761	27.44793	149.99927	0.49595	-0.76853	0.46663	0.43774	-0.44372	-0.88162	0.16078	0.46094	-0.07067	0.88461	
142	1.41000				198.57316	178.51580	66.87262	4.76383	25.96596	150.14470	0.52193	-0.77974	0.46456	0.41976	-0.44756	-0.88239	0.14518	0.43784	-0.07467	0.89595	
143	1.42000				196.84892	178.61875	67.72634	5.32866	23.66658	150.53944	0.56363	-0.79747	0.45724	0.39367	-0.45046	-0.88527	0.11571	0.40141	-0.08506	0.91194	
144	1.43000				194.64261	178.53863	68.96384	5.94597	21.22581	151.06953	0.63498	-0.81583	0.44832	0.36527	-0.45093	-0.88864	0.08353	0.36204	-0.09656	0.92715	
145	1.44000				192.33210	178.60859	70.69967	6.20828	19.70060	151.68816	0.60116	-0.82885	0.43939	0.34633	-0.44651	-0.89251	0.06373	0.33711	-0.10181	0.93595	
146	1.45000				190.08832	178.66636	72.97404	5.90874	19.37417	151.92822	0.60941	-0.83239	0.43794	0.33960	-0.44393	-0.89374	0.06444	0.33174	-0.09711	0.93836	
147	1.46000				187.72217	178.63213	76.05625	5.32904	19.83879	151.93561	0.61238	-0.83005	0.44062	0.34187	-0.44254	-0.89343	0.07702	0.33937	-0.08736	0.93659	
148	1.47000				184.85779	178.44003	80.27736	4.72565	20.25095	152.00800	0.60782	-0.82843	0.44257	0.34327	-0.44034	-0.89340	0.08916	0.34613	-0.07729	0.93500	
149	1.48000				181.24857	177.95273	85.95175	4.43635	20.09661	152.29305	0.60832	-0.83143	0.44003	0.33926	-0.43664	-0.89504	0.09080	0.34360	-0.07264	0.93630	
150	1.49000				177.00718	177.22985	93.21578	4.40988	19.52306	152.73688	0.62760	-0.83781	0.43388	0.33140	-0.43174	-0.89805	0.08428	0.33419	-0.07247	0.93972	
151	1.50000				172.41075	176.39561	102.06327	4.53920	19.17541	153.09418	0.60414	-0.84227	0.42793	0.32780	-0.42742	-0.90072	0.07760	0.32846	-0.07475	0.94155	
152	1.51000				167.68911	175.60905	112.60624	4.51099	19.04661	153.46867	0.61554	-0.84571	0.42234	0.32620	-0.42223	-0.90338	0.07495	0.32634	-0.07434	0.94233	
153	1.52000				162.96231	174.54482	124.68985	5.08449	20.37361	153.14442	1.25134	-0.83634	0.42244	0.34941	-0.42348	-0.90258	0.07758	0.34814	-0.08308	0.93375	
154	1.53000				157.92601	173.66805	138.63431	5.18072	20.37394	153.50357	1.26358	-0.83897	0.41618	0.35059	-0.41823	-0.90533	0.07388	0.34815	-0.08465	0.93361	
155	1.54000				152.77055	172.72046	154.23112	5.43684	20.28524	153.88716	1.27535	-0.84224	0.40866	0.35161	-0.41284	-0.90835	0.06683	0.34669	-0.08887	0.93376	
156	1.55000				147.57064	171.76827	171.42330	5.76476	20.26803	154.38454	1.25503	-0.84588	0.39877	0.35421	-0.40556	-0.91220	0.05843	0.34641	-0.09423	0.93334	
157	1.56000				142.63070	170.75926	189.97661	6.01358	20.51761	154.64001	1.26509	-0.84631	0.39277	0.35985	-0.40113	-0.91439	0.05462	0.35050	-0.09812	0.93141	
158	1.57000				137.81602	169.67613	209.80287	6.30697	20.82887	154.87782	1.26107	-0.84623	0.38661	0.36663	-0.39680	-0.91651	0.05058	0.35558	-0.10268	0.92899	
159	1.58000				133.10313	168.51734	230.84359	6.64189	21.07303	155.13202	1.25900	-0.84660	0.37998	0.37267	-0.39241	-0.91868	0.04525	0.35956	-0.10793	0.92686	
160	1.59000				128.49707	167.27031	253.09849	7.03046	21.22530	155.37999	1.25600	-0.84742	0.37318	0.37764	-0.38834	-0.92072	0.03842	0.36204	-0.11409	0.92516	
161	1.60000				123.51102	166.24913	276.62735	6.99777	20.74741	155.98189	1.38203	-0.85418	0.36457	0.37075	-0.38063	-0.92418	0.03183	0.35425	-0.11393	0.92819	
162	1.61000				119.14320	164.79853	301.51499	7.66265	20.74565	156.29198	1.39340	-0.85624	0.35524	0.37504	-0.37601	-0.92642	0.01906	0.35422	-0.12469	0.92681	
163	1.62000				115.06475	163.25197	327.67262	8.38949	20.90205	156.55128	1.40543	-0.85704	0.34592	0.38186	-0.37174	-0.92831	0.00660	0.35677	-0.13630	0.92420	
164	1.63000				111.28146	161.54454	355.00349	9.17962	21.10954	156.75375	1.42989	-0.85716	0.33684	0.38964	-0.36820	-0.92973	-0.00625	0.36015	-0.14882	0.92095	
165	1.64000				107.88102	159.58796	383.40411	10.07005	21.35456	156.90553	1.46353	-0.85671	0.32764	0.39838	-0.36532	-0.93066	-0.02021	0.36414	-0.16285	0.91700	
166	1.65000				105.50233	156.89776	412.76129	11.74535	22.34416	156.61180	1.31789	-0.84892	0.31762	0.42243	-0.36715	-0.92934	-0.03909	0.38017	-0.18828	0.90555	
167	1.66000				102.89601	154.10244	443.03407	12.82216	22.50285	156.87340	1.34105	-0.84962	0.30486	0.43036	-0.36286	-0.93007	-0.05752	0.38273	-0.20503	0.90082	
168	1.67000				100.75760	150.99542	474.02671	14.13826	22.45001	157.03293	1.36134	-0.85095	0.29250	0.43627	-0.36063	-0.92924	-0.08040	0.38188	-0.22575	0.89622	
169	1.68000				98.03627	148.63317	505.57475	13.91989	20.93531	157.42242	1.89161	-0.86240	0.29329	0.41260	-0.35859	-0.92925	-0.08897	0.35731	-0.22468	0.90656	
170	1.69000				97.04805	144.55961	537.58113	15.47220	21.12191	157.52534	1.88796	-0.86197	0.27959	0.42290	-0.35659	-0.92731	-0.11375	0.36035	-0.24885	0.89901	
171	1.70000				97.98963	138.89000	569.95071	18.52147	23.37568	156.92535	1.31219	-0.84448	0.25568	0.47061	-0.35976	-0.92174	-0.14480	0.39676	-0.29159	0.87038	
172	1.71000				98.40357	133.97116	602.56492	19.99310	24.38911	156.48380	1.31972	-0.83512	0.24550	0.49224	-0.36340	-0.91802	-0.15868	0.41293	-0.31140	0.85587	
173	1.72000				98.75799	128.49065	634.96883	21.66218	24.95400	155.88602	1.32774	-0.82753	0.23756	0.50869	-0.37041	-0.91190	-0.17673	0.42189	-0.33467	0.84262	
174	1.73000				99.97075	122.46877	666.46246	23.88121	26.15845	155.11826	1.49688	-0.81426	0.22282	0.53603	-0.37765	-0.90461	-0.19766	0.44086	-0.36338	0.82073	
175	1.74000				101.58930	116.08193	697.62837	25.46218	26.72177	154.69699	1.43796	-0.80751	0.21112	0.55078	-0.38176	-0.89887	-0.21515	0.44966	-0.38400	0.80644	
176	1.75000				103.86669	109.15833	727.71510	27.18999	27.87595	153.85709	1.35600	-0.79353	0.20013	0.57468	-0.38948	-0.89263	-0.22695	0.46756	-0.40392	0.78628	
177	1.76000				106.45341	102.04826	757.25289	28.28485	28.29744	153.69278	1.25404	-0.78931	0.18890	0.58422	-0.39022	-0.88895	-0.23977	0.47405	-0.41723	0.77537	
178	1.77000				109.60671	94.42807	785.33340	29.91941	29.18209	153.33479	1.25292	-0.78022	0.17163	0.60150	-0.39182	-0.88369	-0.25608	0.48759	-0.43547	0.75672	
179	1.78000				113.07527	86.57973	811.89427	31.58684	30.07404	152.80569	1.34088	-0.76972	0.15584	0.61907	-0.39549	-0.87764	-0.27080	0.50112	-0.45328	0.73717	
180	1.79000				116.59209	79.02437	837.62051	32.07995	30.73688	152.53787	0.97343	-0.76267	0.14989	0.62918	-0.39638	-0.87701	-0.27155	0.51110	-0.45649	0.72828	
181	1.80000				119.83197	71.12184	861.50786	33.80696	31.57751	151.79657	1.02691	-0.75079	0.13593	0.64641	-0.40263	-0.86996	-0.28470	0.52365	-0.47401	0.70789	
182	1.81000				123.12208	63.53046	883.95555	35.82496	32.51762	150.38954	1.23780	-0.73310	0.12707	0.66814	-0.41664	-0.86038	-0.29351	0.53756	-0.49355	0.68370	
183	1.82000				125.99541	55.88826	903.90713	38.01217	33.21153	149.31966	1.39711	-0.71955	0.11192	0.68537	-0.42690	-0.84971	-0.30943	0.54773	-0.51524	0.65918	
184	1.83000				129.00212	48.97611	922.94359	38.86013	33.84748	148.84943	1.37445	-0.71077	0.10373	0.69573	-0.42962	-0.84718	-0.31260	0.55698	-0.52109	0.64671	
185	1.84000				132.14531	42.53294	940.14049	39.41719	34.57849	148.65903	1.36633	-0.70321	0.09404	0.70473	-0.42825	-0.84725	-0.31426	0.56753	-0.52280	0.63607	
186	1.85000				135.55030	36.54272	956.00291	39.49106	34.90377	149.06912	1.18892	-0.70348	0.08452	0.70567	-0.42154	-0.84902	-0.31854	0.57220	-0.52156	0.63290	
187	1.86000				138.45485	30.98916	970.02271	40.08076	35.27092	148.67181	1.18096	-0.69740	0.08024	0.71218	-0.42449	-0.84689	-0.32027	0.57744	-0.52567	0.62468	
188	1.87000				141.34655	25.90322	982.34143	40.66937	35.72351	148.35667	1.19521	-0.69115	0.07399	0.71892	-0.42592	-0.84534	-0.32247	0.58387	-0.52907	0.61577	
189	1.88000				143.97766	21.29308	993.20201	41.09066	35.96889	148.08020	1.24433	-0.68696	0.07083	0.72324	-0.42792	-0.84382	-0.32382	0.58735	-0.53194	0.60997	
190	1.89000				146.40015	17.30348	1002.41166	41.67355	36.37684	147.72298	1.27119	-0.68072	0.06547	0.72961	-0.42995	-0.84211	-0.32557	0.59309	-0.53532	0.60139	
191	1.90000				148.69104	13.88930	1010.28443	41.94288	36.71059	147.55554	1.27861	-0.67653	0.06186	0.73381	-0.43008	-0.84206	-0.32553	0.59777	-0.53582	0.59629	
192	1.91000				150.84785	10.96703	1016.75488	42.18288	36.97234	147.38141	1.28699	-0.67292	0.05927	0.73734	-0.43066	-0.84183	-0.32536	0.60143	-0.53648	0.59201	
193	1.92000				152.85201	8.54630	1021.90131	42.37540	37.14842	147.20061	1.29587	-0.67000	0.05806	0.74009	-0.43177	-0.84144	-0.32487	0.60388	-0.53722	0.58883	
194	1.93000				154.67345	6.59547	1025.77336	42.53350	37.26741	147.05287	1.30208	-0.66783	0.05724	0.74211	-0.43282	-0.84101	-0.32462	0.60554	-0.53799	0.58642	
195	1.94000				156.24590	5.09935	1028.44264	42.63784	37.33445	146.92174	1.30854	-0.66624	0.05729	0.74353	-0.43396	-0.84063	-0.32408	0.60647	-0.53858	0.58492	
196	1.95000				157.53407	4.04031	1029.94107	42.70073	37.41470	146.80937	1.31373	-0.66468	0.05749	0.74491	-0.43480	-0.84057	-0.32309	0.60758	-0.53864	0.58371	
197	1.96000				158.45875	3.42607	1030.30033	42.71135	37.49197	146.73642	1.30992	-0.66344	0.05781	0.74599	-0.43519	-0.84084	-0.32187	0.60865	-0.53819	0.58300	
198	1.97000				158.94327	3.23552	1029.53039	42.62582	37.50166	146.72487	1.31644	-0.66326	0.05902	0.74605	-0.43527	-0.84135	-0.32041	0.60878	-0.53725	0.58373	
199	1.98000				159.04421	3.50323	1027.64769	42.46735	37.49927	146.73666	1.31132	-0.66338	0.06093	0.74580	-0.43515	-0.84224	-0.31825	0.60875	-0.53565	0.58523	
200	1.99000				158.77937	4.17740	1024.68351	42.23039	37.49732	146.80594	1.30720	-0.66392	0.06301	0.74515	-0.43436	-0.84361	-0.31568	0.60872	-0.53324	0.58746	
201	2.00000				158.17874	5.26190	1020.71278	41.89765	37.46845	146.90782	1.30292	-0.66495	0.06605	0.74396	-0.43334	-0.84540	-0.31226	0.60832	-0.53003	0.59077	
202	2.01000				157.24394	6.65889	1015.79833	41.54410	37.38529	147.04652	1.29109	-0.66673	0.06923	0.74207	-0.43221	-0.84707	-0.30930	0.60717	-0.52696	0.59469	
203	2.02000				156.01136	8.37654	1010.04979	41.13914	37.23842	147.25438	1.28689	-0.66960	0.07252	0.73917	-0.43063	-0.84877	-0.30683	0.60513	-0.52376	0.59957	
204	2.03000				154.51038	10.33882	1003.52230	40.72369	36.97787	147.47105	1.28902	-0.67354	0.07666	0.73516	-0.42957	-0.84999	-0.30493	0.60151	-0.52119	0.60543	
205	2.04000				152.85784	12.54754	996.25557	40.27475	36.75634	147.69688	1.28059	-0.67719	0.08075	0.73136	-0.42815	-0.85160	-0.30242	0.59841	-0.51793	0.61127	
206	2.05000				151.07238	14.93362	988.30823	39.81834	36.51849	147.90794	1.27592	-0.68086	0.08523	0.72744	-0.42697	-0.85317	-0.29967	0.59508	-0.51463	0.61728	
207	2.06000				149.16728	17.47889	979.72267	39.32975	36.26426	148.15103	1.27136	-0.68490	0.08972	0.72309	-0.42547	-0.85488	-0.29693	0.59151	-0.51102	0.62368	
208	2.07000				147.13271	20.16296	970.54449	38.78489	35.95371	148.42586	1.26900	-0.68966	0.09482	0.71790	-0.42385	-0.85668	-0.29403	0.58713	-0.50706	0.63100	
209	2.08000				145.04521	22.92304	960.78641	38.26711	35.67664	148.67938	1.26389	-0.69394	0.09957	0.71311	-0.42227	-0.85848	-0.29105	0.58321	-0.50309	0.63778	
210	2.09000				142.92951	25.78648	950.49213	37.67665	35.42043	148.96129	1.25553	-0.69824	0.10458	0.70818	-0.42019	-0.86080	-0.28717	0.57957	-0.49808	0.64499	
211	2.10000				140.82901	28.71641	939.73184	37.04363	35.15103	149.28261	1.24784	-0.70292	0.10954	0.70278	-0.41765	-0.86336	-0.28317	0.57573	-0.49256	0.65262	
212	2.11000				138.77358	31.69992	928.55498	36.37596	34.81815	149.62509	1.23735	-0.70828	0.11497	0.69651	-0.41513	-0.86586	-0.27921	0.57097	-0.48690	0.66100	
213	2.12000				136.78612	34.68410	917.01950	35.77243	34.38177	149.93903	1.22664	-0.71429	0.12071	0.68937	-0.41341	-0.86757	-0.27643	0.56470	-0.48244	0.66960	
214	2.13000				134.93491	37.67225	905.23546	35.11778	33.91832	150.29501	1.20597	-0.72078	0.12652	0.68152	-0.41121	-0.86955	-0.27348	0.55801	-0.47737	0.67878	
215	2.14000				133.25504	40.66978	893.21680	34.42469	33.44764	150.67888	1.16034	-0.72750	0.13227	0.67324	-0.40860	-0.87178	-0.27026	0.55117	-0.47170	0.68826	
216	2.15000				131.77476	43.71970	881.17514	33.36581	32.93075	151.30588	1.04651	-0.73625	0.13873	0.66233	-0.40299	-0.87617	-0.26445	0.54362	-0.46162	0.70099	
217	2.16000				130.55579	46.86091	869.26118	31.92955	32.97331	151.76614	1.19676	-0.73911	0.14790	0.65714	-0.39687	-0.88389	-0.24744	0.54425	-0.44369	0.71199	
218	2.17000				129.37864	49.90273	856.98532	31.31773	32.82056	151.82454	1.54000	-0.74079	0.15503	0.65360	-0.39680	-0.88609	-0.23956	0.54201	-0.43681	0.71793	
219	2.18000				128.07280	52.78873	844.56712	30.70660	31.98476	152.04955	1.59402	-0.74925	0.16406	0.64164	-0.39755	-0.88628	-0.23761	0.52969	-0.43312	0.72927	
220	2.19000				127.17639	55.42499	831.90289	29.85886	31.25525	153.32240	1.46874	-0.76386	0.15855	0.62560	-0.38381	-0.89091	-0.24284	0.51885	-0.42561	0.74138	
221	2.20000				126.08348	58.16512	819.70801	29.87005	30.27325	152.56151	1.67152	-0.76648	0.17676	0.61747	-0.39796	-0.88530	-0.24057	0.50412	-0.43012	0.74890	
222	2.21000				125.25052	60.56318	807.29665	29.75061	29.02990	152.93887	1.69275	-0.77864	0.18054	0.60093	-0.39779	-0.88270	-0.25023	0.48527	-0.43388	0.75912	
223	2.22000				124.56230	62.68178	794.65282	29.85222	27.52724	153.61035	1.77695	-0.79438	0.17942	0.58032	-0.39416	-0.87918	-0.26773	0.46217	-0.44141	0.76912	
224	2.23000				123.76397	64.61023	781.99907	30.22806	25.87955	153.67900	1.78246	-0.80643	0.18615	0.56126	-0.39893	-0.87188	-0.28403	0.43648	-0.45295	0.77738	
225	2.24000				123.03661	66.75129	769.45596	29.84969	24.17318	154.30545	1.33999	-0.82210	0.19239	0.53585	-0.39555	-0.86994	-0.29452	0.40950	-0.45408	0.79128	
226	2.25000				122.17486	69.35327	757.24375	28.15060	22.34082	155.18060	0.94791	-0.83951	0.20734	0.50223	-0.38825	-0.87555	-0.28753	0.38012	-0.43638	0.81553	
227	2.26000				121.91003	71.57237	744.61764	29.66475	22.54214	153.95329	1.72745	-0.82979	0.21109	0.51661	-0.40556	-0.86400	-0.29838	0.38336	-0.45711	0.80255	
228	2.27000				121.80518	73.69097	731.72363	29.67011	21.83841	154.00148	1.75947	-0.83430	0.21537	0.50750	-0.40689	-0.86168	-0.30323	0.37199	-0.45948	0.80654	
229	2.28000				121.56638	75.66737	718.68833	29.87255	20.85893	154.05434	1.82467	-0.84028	0.21992	0.49556	-0.40884	-0.85733	-0.31278	0.35607	-0.46543	0.81030	
230	2.29000				121.20923	77.57862	705.47513	30.08361	19.78407	154.13791	1.92250	-0.84673	0.22477	0.48220	-0.41046	-0.85264	-0.32330	0.33848	-0.47168	0.81422	
231	2.30000				120.86396	79.50476	692.01475	30.14636	18.97600	154.21678	2.06320	-0.85151	0.22909	0.47164	-0.41133	-0.84969	-0.32990	0.32517	-0.47492	0.81775	
232	2.31000				120.53676	81.46713	678.32342	29.98575	18.52739	154.18546	2.21766	-0.85355	0.23421	0.46540	-0.41289	-0.84887	-0.33006	0.31776	-0.47388	0.82126	
233	2.32000				120.54496	84.17041	665.98810	26.91876	17.75958	155.48750	1.73478	-0.86651	0.24429	0.43529	-0.39512	-0.86858	-0.29908	0.30502	-0.43115	0.84916	
234	2.33000				120.22203	86.05177	652.23922	26.13292	17.35821	155.52411	1.58530	-0.86869	0.25236	0.42626	-0.39544	-0.87154	-0.28990	0.29834	-0.42040	0.85689	
235	2.34000				120.22195	87.27407	638.23221	25.69277	17.03326	155.52141	1.52362	-0.87019	0.25780	0.41988	-0.39618	-0.87276	-0.28520	0.29293	-0.41453	0.86160	
236	2.35000				120.58636	88.30035	624.30691	25.10869	16.73870	155.67535	1.51363	-0.87262	0.26162	0.41243	-0.39445	-0.87546	-0.27924	0.28801	-0.40636	0.86714	
237	2.36000				117.26622	90.57061	610.36203	23.74849	12.27031	154.58325	1.95619	-0.88258	0.31555	0.34855	-0.41939	-0.86346	-0.28025	0.21252	-0.39352	0.89441	
238	2.37000				117.89659	91.15373	596.70646	23.06221	11.81678	154.59941	1.98901	-0.88419	0.32220	0.33823	-0.41985	-0.86555	-0.27304	0.20478	-0.38343	0.90058	
239	2.38000				118.87213	91.52448	583.32061	22.39652	11.51474	154.60150	2.02329	-0.88517	0.32785	0.33015	-0.42028	-0.86783	-0.26503	0.19962	-0.37335	0.90596	
240	2.39000				0.000	0.000	0.000	0.000	0.000	0.000	0.000	0.000	0.000	0.000	0.000	0.000	0.000	0.000	0.000	0.000	
241	2.40000				0.000	0.000	0.000	0.000	0.000	0.000	0.000	0.000	0.000	0.000	0.000	0.000	0.000	0.000	0.000	0.000	
242	2.41000				0.000	0.000	0.000	0.000	0.000	0.000	0.000	0.000	0.000	0.000	0.000	0.000	0.000	0.000	0.000	0.000	
243	2.42000				126.79107	99.42175	533.97357	6.39806	14.51573	158.07133	2.90440	-0.89804	0.34522	0.27268	-0.36153	-0.93230	-0.01035	0.25065	-0.10788	0.96205	
244	2.43000				129.52415	89.10971	520.75905	17.97617	12.20109	161.27876	2.11606	-0.92570	0.24352	0.28945	-0.31371	-0.92179	-0.22777	0.21134	-0.30165	0.92970	
245	2.44000				131.62362	89.69432	510.10384	17.98973	12.48113	159.93088	0.94682	-0.91708	0.26368	0.29905	-0.33504	-0.91626	-0.21956	0.21612	-0.30155	0.92863	
246	2.45000				133.82223	89.23024	498.87816	17.50056	12.14283	159.89923	0.91850	-0.91808	0.26836	0.29174	-0.33598	-0.91736	-0.21345	0.21035	-0.29399	0.93238	
247	2.46000				136.34931	88.66325	488.02206	16.96290	11.86957	159.82089	0.90794	-0.91855	0.27362	0.28530	-0.33758	-0.91848	-0.20598	0.20568	-0.28551	0.93604	
248	2.47000				139.17737	87.97489	477.60851	16.49437	11.71235	159.65883	0.90373	-0.91812	0.27926	0.28120	-0.34037	-0.91909	-0.19856	0.20300	-0.27801	0.93888	
249	2.48000				142.28766	87.17595	467.65573	16.03235	11.55609	159.40385	0.83544	-0.91711	0.28631	0.27738	-0.34465	-0.91914	-0.19080	0.20033	-0.27058	0.94162	
250	2.49000				145.94014	86.30944	458.40081	15.62642	11.78015	158.64819	0.77602	-0.91175	0.29942	0.28119	-0.35643	-0.91696	-0.17929	0.20416	-0.26369	0.94276	
251	2.50000				149.29093	85.81310	449.51870	15.14060	12.05912	159.18388	1.05293	-0.91410	0.29203	0.28132	-0.34753	-0.92167	-0.17247	0.20892	-0.25542	0.94399	
252	2.51000				152.87415	84.59421	441.27038	14.87719	11.85973	158.83118	1.04088	-0.91261	0.29981	0.27794	-0.35341	-0.92032	-0.16770	0.20552	-0.25127	0.94585	
