NO_OF_FRAMES	13942
NO_OF_CAMERAS	8
NO_OF_BODIES	4
FREQUENCY	100
NO_OF_ANALOG	0
ANALOG_FREQUENCY	0
DESCRIPTION	--
TIME_STAMP	2024-04-17, 19:53:55.869	524935.41499610
DATA_INCLUDED	6D
BODY_NAMES	poseCube
BODY_FILTERS	No filter
TRANSLATION_ORIGIN	Global	
ROTATION_ORIGIN	Global	
Frame	Time				poseCube X	Y	Z	Roll	Pitch	Yaw	Residual	Rot[0]	Rot[1]	Rot[2]	Rot[3]	Rot[4]	Rot[5]	Rot[6]	Rot[7]	Rot[8]	
1	0.00000				188.94836	154.78831	63.09810	-24.63093	7.25088	-1.62973	0.48473	0.99160	-0.07843	-0.10283	0.02821	0.90715	-0.41987	0.12621	0.41344	0.90174	
2	0.01000				188.94860	154.78237	63.09605	-24.61930	7.25526	-1.62484	0.48849	0.99159	-0.07837	-0.10295	0.02813	0.90724	-0.41967	0.12629	0.41325	0.90182	
3	0.02000				188.95957	154.77933	63.09475	-24.61502	7.27508	-1.62163	0.48575	0.99155	-0.07845	-0.10329	0.02807	0.90727	-0.41961	0.12663	0.41317	0.90181	
4	0.03000				189.20370	154.84015	62.93104	-24.55452	7.42823	-1.52420	0.39803	0.99126	-0.07790	-0.10650	0.02638	0.90782	-0.41854	0.12928	0.41207	0.90193	
5	0.04000				189.20252	154.84816	62.93758	-24.56203	7.42112	-1.52336	0.40104	0.99127	-0.07785	-0.10638	0.02636	0.90776	-0.41865	0.12916	0.41220	0.90189	
6	0.05000				189.21324	154.83242	62.93341	-24.54199	7.43833	-1.52993	0.40114	0.99123	-0.07804	-0.10663	0.02647	0.90790	-0.41836	0.12946	0.41186	0.90200	
7	0.06000				189.21860	154.80547	63.09308	-24.70138	7.41006	-1.51809	0.66226	0.99130	-0.07794	-0.10606	0.02627	0.90675	-0.42085	0.12897	0.41440	0.90091	
8	0.07000				189.25153	154.92236	62.88223	-24.51878	7.52096	-1.55031	0.31878	0.99103	-0.07891	-0.10781	0.02682	0.90802	-0.41806	0.13089	0.41142	0.90200	
9	0.08000				189.24803	154.93623	62.86694	-24.51562	7.51054	-1.56360	0.29960	0.99105	-0.07904	-0.10756	0.02705	0.90803	-0.41803	0.13071	0.41138	0.90204	
10	0.09000				189.25275	154.93686	62.85670	-24.49734	7.53800	-1.54912	0.28836	0.99100	-0.07898	-0.10812	0.02680	0.90818	-0.41773	0.13118	0.41107	0.90212	
11	0.10000				189.26030	154.93657	62.84781	-24.48373	7.55550	-1.55455	0.27577	0.99095	-0.07916	-0.10838	0.02689	0.90827	-0.41753	0.13149	0.41084	0.90218	
12	0.11000				189.27094	154.93844	62.83905	-24.48237	7.56791	-1.55682	0.26724	0.99092	-0.07928	-0.10856	0.02693	0.90827	-0.41752	0.13170	0.41080	0.90216	
13	0.12000				189.26339	154.94566	62.83540	-24.48442	7.56067	-1.56509	0.26200	0.99094	-0.07937	-0.10838	0.02708	0.90825	-0.41756	0.13158	0.41084	0.90216	
14	0.13000				189.26440	154.94854	62.83019	-24.47846	7.56213	-1.57480	0.25686	0.99093	-0.07952	-0.10834	0.02724	0.90827	-0.41749	0.13160	0.41075	0.90220	
15	0.14000				189.26603	154.95175	62.82699	-24.47845	7.56281	-1.57456	0.25063	0.99093	-0.07952	-0.10835	0.02724	0.90828	-0.41749	0.13161	0.41075	0.90220	
16	0.15000				189.26811	154.95198	62.82141	-24.46210	7.56412	-1.56249	0.25037	0.99093	-0.07931	-0.10848	0.02703	0.90841	-0.41720	0.13164	0.41049	0.90231	
17	0.16000				189.27372	154.95272	62.81964	-24.46605	7.57328	-1.57345	0.24484	0.99090	-0.07956	-0.10854	0.02722	0.90836	-0.41729	0.13179	0.41054	0.90227	
18	0.17000				189.26957	154.95553	62.81764	-24.46996	7.57455	-1.57378	0.24128	0.99090	-0.07958	-0.10855	0.02722	0.90834	-0.41735	0.13182	0.41060	0.90224	
19	0.18000				189.27565	154.95309	62.81302	-24.45454	7.58358	-1.56957	0.24336	0.99088	-0.07955	-0.10875	0.02715	0.90845	-0.41711	0.13197	0.41035	0.90233	
20	0.19000				189.26446	154.96316	62.81033	-24.46724	7.55503	-1.56556	0.24153	0.99095	-0.07930	-0.10831	0.02708	0.90837	-0.41729	0.13148	0.41058	0.90230	
21	0.20000				189.27622	154.95537	62.80837	-24.45597	7.58736	-1.57077	0.24001	0.99087	-0.07959	-0.10880	0.02717	0.90844	-0.41713	0.13204	0.41037	0.90231	
22	0.21000				189.27473	154.95449	62.80936	-24.45952	7.58663	-1.58120	0.23622	0.99087	-0.07976	-0.10871	0.02735	0.90840	-0.41721	0.13203	0.41043	0.90229	
23	0.22000				189.28096	154.95704	62.80336	-24.45760	7.57905	-1.56599	0.23512	0.99089	-0.07946	-0.10870	0.02709	0.90844	-0.41715	0.13189	0.41040	0.90232	
24	0.23000				189.27756	154.95851	62.80405	-24.45970	7.59094	-1.58370	0.23378	0.99086	-0.07983	-0.10875	0.02739	0.90839	-0.41722	0.13210	0.41042	0.90228	
25	0.24000				189.27776	154.95794	62.80149	-24.45293	7.58603	-1.57885	0.23479	0.99087	-0.07971	-0.10872	0.02731	0.90845	-0.41710	0.13201	0.41032	0.90233	
26	0.25000				189.27750	154.96230	62.79999	-24.45344	7.58693	-1.56220	0.23346	0.99088	-0.07945	-0.10886	0.02702	0.90847	-0.41708	0.13203	0.41033	0.90233	
27	0.26000				189.28637	154.95598	62.79997	-24.44045	7.60040	-1.57417	0.23222	0.99084	-0.07971	-0.10900	0.02723	0.90854	-0.41690	0.13226	0.41011	0.90239	
28	0.27000				189.28042	154.95810	62.79894	-24.44998	7.59676	-1.58287	0.22946	0.99084	-0.07984	-0.10887	0.02738	0.90846	-0.41707	0.13220	0.41027	0.90233	
29	0.28000				189.28841	154.96127	62.79633	-24.45049	7.60209	-1.57541	0.22866	0.99084	-0.07976	-0.10900	0.02725	0.90847	-0.41706	0.13229	0.41027	0.90232	
30	0.29000				189.27999	154.96565	62.79455	-24.44761	7.59831	-1.57612	0.23029	0.99084	-0.07974	-0.10894	0.02726	0.90849	-0.41702	0.13223	0.41023	0.90235	
31	0.30000				189.27964	154.96379	62.79584	-24.44718	7.60089	-1.58251	0.22833	0.99084	-0.07986	-0.10894	0.02737	0.90848	-0.41702	0.13227	0.41022	0.90234	
32	0.31000				189.27993	154.96338	62.79409	-24.44277	7.59900	-1.57770	0.22945	0.99084	-0.07976	-0.10895	0.02729	0.90852	-0.41694	0.13224	0.41015	0.90238	
33	0.32000				189.28631	154.96493	62.79151	-24.44280	7.60193	-1.57848	0.23080	0.99083	-0.07980	-0.10899	0.02730	0.90852	-0.41695	0.13229	0.41015	0.90237	
34	0.33000				189.29136	154.96574	62.79060	-24.44530	7.60777	-1.58018	0.22817	0.99082	-0.07987	-0.10907	0.02733	0.90850	-0.41699	0.13239	0.41018	0.90234	
35	0.34000				189.28194	154.96775	62.79119	-24.44199	7.60382	-1.57619	0.22885	0.99083	-0.07977	-0.10904	0.02726	0.90853	-0.41693	0.13232	0.41013	0.90238	
36	0.35000				189.28979	154.96375	62.78776	-24.44633	7.60449	-1.58317	0.22600	0.99083	-0.07990	-0.10899	0.02738	0.90849	-0.41701	0.13233	0.41020	0.90234	
37	0.36000				189.28706	154.96801	62.78876	-24.44540	7.60191	-1.58169	0.22637	0.99083	-0.07985	-0.10896	0.02736	0.90850	-0.41699	0.13229	0.41019	0.90236	
38	0.37000				189.28429	154.96765	62.78834	-24.44526	7.59794	-1.58085	0.22581	0.99084	-0.07981	-0.10891	0.02735	0.90850	-0.41699	0.13222	0.41019	0.90236	
39	0.38000				189.28754	154.96466	62.78824	-24.43809	7.60136	-1.57061	0.23172	0.99084	-0.07966	-0.10904	0.02717	0.90857	-0.41686	0.13228	0.41007	0.90241	
40	0.39000				189.29023	154.96464	62.78456	-24.44663	7.59973	-1.58195	0.22558	0.99084	-0.07984	-0.10892	0.02736	0.90849	-0.41701	0.13225	0.41021	0.90235	
41	0.40000				189.28095	154.96711	62.78447	-24.44793	7.59744	-1.56961	0.22563	0.99085	-0.07963	-0.10898	0.02715	0.90850	-0.41701	0.13221	0.41023	0.90235	
42	0.41000				189.28099	154.96585	62.78865	-24.44529	7.59518	-1.58734	0.22691	0.99085	-0.07989	-0.10882	0.02746	0.90849	-0.41700	0.13217	0.41019	0.90237	
43	0.42000				189.28568	154.96156	62.78686	-24.43161	7.60584	-1.57972	0.22622	0.99083	-0.07982	-0.10906	0.02733	0.90860	-0.41677	0.13236	0.40997	0.90245	
44	0.43000				189.28238	154.96450	62.78482	-24.43683	7.60799	-1.58644	0.22524	0.99082	-0.07995	-0.10904	0.02744	0.90855	-0.41687	0.13239	0.41005	0.90240	
45	0.44000				189.29736	154.96028	62.77875	-24.43271	7.62691	-1.57195	0.22505	0.99078	-0.07985	-0.10944	0.02719	0.90860	-0.41678	0.13272	0.40997	0.90239	
46	0.45000				189.28700	154.96704	62.78230	-24.43701	7.60730	-1.58024	0.22594	0.99082	-0.07985	-0.10907	0.02733	0.90856	-0.41686	0.13238	0.41005	0.90240	
47	0.46000				189.28501	154.97186	62.78556	-24.44300	7.60703	-1.58358	0.22354	0.99082	-0.07991	-0.10903	0.02739	0.90851	-0.41696	0.13238	0.41015	0.90236	
48	0.47000				189.29280	154.96576	62.77735	-24.44056	7.61145	-1.58734	0.22308	0.99081	-0.08000	-0.10908	0.02746	0.90852	-0.41693	0.13245	0.41010	0.90237	
49	0.48000				189.28860	154.96233	62.78329	-24.42983	7.60959	-1.58314	0.22678	0.99082	-0.07990	-0.10909	0.02738	0.90861	-0.41675	0.13242	0.40994	0.90245	
50	0.49000				189.27954	154.96739	62.78306	-24.44125	7.59918	-1.58049	0.22473	0.99084	-0.07981	-0.10893	0.02734	0.90853	-0.41692	0.13224	0.41013	0.90239	
51	0.50000				189.29386	154.96400	62.78095	-24.42955	7.62049	-1.58479	0.22384	0.99079	-0.08000	-0.10925	0.02741	0.90861	-0.41675	0.13261	0.40992	0.90243	
52	0.51000				189.28551	154.96221	62.78182	-24.42920	7.61146	-1.58473	0.22529	0.99081	-0.07994	-0.10911	0.02741	0.90861	-0.41675	0.13245	0.40992	0.90245	
53	0.52000				189.27675	154.96929	62.78623	-24.43986	7.59992	-1.58954	0.22308	0.99083	-0.07995	-0.10888	0.02750	0.90853	-0.41692	0.13225	0.41010	0.90240	
54	0.53000				189.28743	154.96629	62.78280	-24.43294	7.60864	-1.57388	0.22300	0.99082	-0.07975	-0.10914	0.02722	0.90860	-0.41678	0.13241	0.40999	0.90243	
55	0.54000				189.27935	154.96929	62.78139	-24.43741	7.60765	-1.58125	0.22642	0.99082	-0.07987	-0.10907	0.02735	0.90856	-0.41687	0.13239	0.41006	0.90240	
56	0.55000				189.28660	154.96775	62.78363	-24.44144	7.60865	-1.59004	0.22174	0.99081	-0.08002	-0.10901	0.02750	0.90851	-0.41695	0.13241	0.41012	0.90237	
57	0.56000				189.29007	154.96674	62.77792	-24.43968	7.61546	-1.58178	0.22319	0.99080	-0.07994	-0.10918	0.02736	0.90854	-0.41691	0.13252	0.41009	0.90237	
58	0.57000				189.28818	154.96713	62.78050	-24.43595	7.60890	-1.59301	0.22184	0.99081	-0.08006	-0.10900	0.02755	0.90855	-0.41687	0.13241	0.41003	0.90241	
59	0.58000				189.28691	154.96832	62.78045	-24.43204	7.61372	-1.58115	0.22411	0.99081	-0.07990	-0.10917	0.02735	0.90859	-0.41678	0.13249	0.40997	0.90243	
60	0.59000				189.29021	154.96734	62.77635	-24.43787	7.61175	-1.59185	0.22264	0.99081	-0.08007	-0.10905	0.02753	0.90854	-0.41690	0.13246	0.41006	0.90239	
61	0.60000				189.29167	154.96725	62.77780	-24.43320	7.61604	-1.58099	0.22227	0.99080	-0.07992	-0.10921	0.02735	0.90859	-0.41680	0.13253	0.40998	0.90241	
62	0.61000				189.28071	154.97018	62.77872	-24.43740	7.60361	-1.58219	0.22317	0.99083	-0.07986	-0.10900	0.02737	0.90856	-0.41687	0.13232	0.41006	0.90241	
63	0.62000				189.29215	154.96509	62.77625	-24.43135	7.62006	-1.57894	0.22095	0.99079	-0.07991	-0.10929	0.02731	0.90860	-0.41677	0.13260	0.40995	0.90242	
64	0.63000				189.29462	154.96521	62.77938	-24.42649	7.62214	-1.58170	0.22191	0.99079	-0.07996	-0.10931	0.02736	0.90863	-0.41670	0.13264	0.40987	0.90245	
65	0.64000				189.29086	154.96880	62.77576	-24.43992	7.60086	-1.59222	0.22074	0.99083	-0.08000	-0.10888	0.02754	0.90852	-0.41692	0.13227	0.41010	0.90240	
66	0.65000				189.29968	154.96032	62.77622	-24.42119	7.62758	-1.57497	0.22155	0.99078	-0.07988	-0.10945	0.02724	0.90868	-0.41661	0.13273	0.40978	0.90247	
67	0.66000				189.27986	154.96344	62.78151	-24.43264	7.60272	-1.59563	0.22283	0.99082	-0.08005	-0.10889	0.02760	0.90857	-0.41682	0.13230	0.40999	0.90244	
68	0.67000				189.28663	154.96701	62.77866	-24.43415	7.61283	-1.58935	0.21987	0.99080	-0.08003	-0.10909	0.02749	0.90857	-0.41683	0.13248	0.41000	0.90241	
69	0.68000				189.29811	154.96116	62.77578	-24.42842	7.62509	-1.58649	0.22011	0.99078	-0.08006	-0.10932	0.02744	0.90861	-0.41674	0.13269	0.40990	0.90243	
70	0.69000				189.30032	154.96542	62.77207	-24.43155	7.62149	-1.57976	0.21978	0.99079	-0.07993	-0.10930	0.02733	0.90860	-0.41678	0.13263	0.40995	0.90241	
71	0.70000				189.28359	154.96787	62.77807	-24.43686	7.61146	-1.58607	0.22292	0.99081	-0.07997	-0.10909	0.02743	0.90855	-0.41687	0.13245	0.41005	0.90240	
72	0.71000				189.28398	154.96010	62.77968	-24.42118	7.61963	-1.58849	0.22329	0.99079	-0.08004	-0.10923	0.02748	0.90866	-0.41663	0.13260	0.40979	0.90249	
73	0.72000				189.29323	154.95842	62.77648	-24.41767	7.62030	-1.57353	0.22134	0.99079	-0.07980	-0.10935	0.02722	0.90871	-0.41654	0.13261	0.40973	0.90251	
74	0.73000				189.29224	154.96960	62.77485	-24.43400	7.61130	-1.58030	0.22053	0.99081	-0.07988	-0.10914	0.02733	0.90858	-0.41681	0.13245	0.41000	0.90242	
75	0.74000				189.29192	154.96217	62.77613	-24.42776	7.62987	-1.59215	0.22197	0.99076	-0.08018	-0.10935	0.02754	0.90861	-0.41674	0.13277	0.40988	0.90242	
76	0.75000				189.29806	154.96198	62.77149	-24.42483	7.62238	-1.58816	0.21883	0.99078	-0.08006	-0.10927	0.02747	0.90863	-0.41669	0.13264	0.40985	0.90246	
77	0.76000				189.28993	154.96965	62.77373	-24.43258	7.61085	-1.59041	0.21981	0.99081	-0.08003	-0.10906	0.02751	0.90858	-0.41681	0.13244	0.40998	0.90243	
78	0.77000				189.29516	154.96735	62.77606	-24.43425	7.61406	-1.58889	0.21929	0.99080	-0.08003	-0.10912	0.02748	0.90857	-0.41683	0.13250	0.41000	0.90241	
79	0.78000				189.29337	154.96582	62.77543	-24.43543	7.61388	-1.59233	0.22021	0.99080	-0.08009	-0.10909	0.02754	0.90855	-0.41686	0.13250	0.41002	0.90240	
80	0.79000				189.29922	154.96662	62.77261	-24.43358	7.62760	-1.59358	0.22132	0.99077	-0.08020	-0.10930	0.02756	0.90856	-0.41684	0.13273	0.40998	0.90239	
81	0.80000				189.29320	154.96362	62.77541	-24.42921	7.61744	-1.59090	0.22057	0.99079	-0.08008	-0.10916	0.02752	0.90860	-0.41676	0.13256	0.40992	0.90244	
82	0.81000				189.29376	154.96872	62.77776	-24.43050	7.62171	-1.59464	0.22111	0.99078	-0.08017	-0.10920	0.02758	0.90858	-0.41679	0.13263	0.40994	0.90242	
83	0.82000				189.28378	154.96573	62.77805	-24.42533	7.61303	-1.59153	0.22274	0.99080	-0.08005	-0.10909	0.02753	0.90863	-0.41670	0.13248	0.40986	0.90248	
84	0.83000				189.28960	154.96531	62.77646	-24.42298	7.62205	-1.58321	0.22101	0.99079	-0.07998	-0.10930	0.02738	0.90866	-0.41665	0.13264	0.40982	0.90247	
85	0.84000				189.29375	154.96554	62.77311	-24.42117	7.63137	-1.57678	0.22096	0.99077	-0.07994	-0.10950	0.02727	0.90868	-0.41661	0.13280	0.40978	0.90247	
86	0.85000				189.29495	154.96430	62.77354	-24.42471	7.61929	-1.58896	0.21677	0.99079	-0.08005	-0.10921	0.02748	0.90864	-0.41669	0.13259	0.40985	0.90247	
87	0.86000				189.28232	154.97335	62.77411	-24.43629	7.59817	-1.58972	0.21955	0.99084	-0.07993	-0.10886	0.02750	0.90855	-0.41686	0.13222	0.41005	0.90243	
88	0.87000				189.28675	154.97399	62.77534	-24.43594	7.60857	-1.58575	0.21951	0.99082	-0.07995	-0.10905	0.02743	0.90856	-0.41685	0.13240	0.41003	0.90241	
89	0.88000				189.29935	154.96636	62.77102	-24.42845	7.62531	-1.59562	0.21764	0.99077	-0.08021	-0.10925	0.02760	0.90860	-0.41676	0.13269	0.40990	0.90243	
90	0.89000				189.29579	154.96452	62.77494	-24.42953	7.62281	-1.58973	0.21893	0.99078	-0.08010	-0.10925	0.02750	0.90860	-0.41677	0.13265	0.40992	0.90242	
91	0.90000				189.30002	154.95727	62.77370	-24.42140	7.63364	-1.58875	0.21994	0.99076	-0.08014	-0.10944	0.02748	0.90866	-0.41664	0.13284	0.40978	0.90246	
92	0.91000				189.28938	154.96994	62.77414	-24.42668	7.61968	-1.57254	0.22226	0.99080	-0.07980	-0.10933	0.02720	0.90864	-0.41669	0.13260	0.40988	0.90245	
93	0.92000				189.29945	154.96146	62.77398	-24.42426	7.62810	-1.57932	0.22063	0.99077	-0.07996	-0.10942	0.02732	0.90865	-0.41666	0.13274	0.40983	0.90245	
94	0.93000				189.29579	154.95906	62.77352	-24.41730	7.62665	-1.57440	0.21991	0.99078	-0.07986	-0.10944	0.02723	0.90871	-0.41654	0.13272	0.40972	0.90250	
95	0.94000				189.30224	154.96247	62.77223	-24.42364	7.62800	-1.58242	0.21707	0.99077	-0.08001	-0.10940	0.02737	0.90865	-0.41666	0.13274	0.40982	0.90246	
96	0.95000				189.28869	154.97037	62.77508	-24.42643	7.61421	-1.59329	0.22073	0.99080	-0.08009	-0.10910	0.02756	0.90862	-0.41672	0.13250	0.40988	0.90246	
97	0.96000				189.30613	154.96269	62.76693	-24.42112	7.62795	-1.58817	0.21887	0.99077	-0.08009	-0.10936	0.02747	0.90866	-0.41663	0.13274	0.40978	0.90247	
98	0.97000				189.29001	154.96436	62.77330	-24.42339	7.61040	-1.58195	0.22083	0.99081	-0.07987	-0.10912	0.02736	0.90866	-0.41665	0.13244	0.40983	0.90249	
99	0.98000				189.29419	154.96559	62.77304	-24.42229	7.62157	-1.58091	0.22140	0.99079	-0.07994	-0.10931	0.02734	0.90866	-0.41663	0.13263	0.40981	0.90248	
100	0.99000				189.30671	154.96233	62.76902	-24.42737	7.63521	-1.59306	0.21775	0.99075	-0.08024	-0.10943	0.02755	0.90861	-0.41674	0.13287	0.40987	0.90241	
101	1.00000				189.29735	154.96346	62.77108	-24.43130	7.63123	-1.60025	0.21527	0.99076	-0.08033	-0.10931	0.02768	0.90857	-0.41682	0.13280	0.40994	0.90239	
102	1.01000				189.29396	154.96872	62.77000	-24.42384	7.63396	-1.57908	0.22091	0.99076	-0.08000	-0.10952	0.02731	0.90865	-0.41666	0.13284	0.40982	0.90244	
103	1.02000				189.29850	154.96471	62.77119	-24.43318	7.63385	-1.59756	0.21876	0.99075	-0.08031	-0.10937	0.02763	0.90856	-0.41684	0.13284	0.40997	0.90238	
104	1.03000				189.29006	154.96629	62.77614	-24.42774	7.61884	-1.59428	0.21676	0.99079	-0.08014	-0.10916	0.02758	0.90861	-0.41674	0.13258	0.40989	0.90245	
105	1.04000				189.29219	154.96751	62.77393	-24.43096	7.61651	-1.60471	0.21852	0.99079	-0.08029	-0.10904	0.02776	0.90857	-0.41681	0.13254	0.40995	0.90243	
106	1.05000				189.29468	154.96911	62.77035	-24.42909	7.61932	-1.58874	0.21923	0.99079	-0.08006	-0.10921	0.02748	0.90860	-0.41675	0.13259	0.40992	0.90244	
107	1.06000				189.28707	154.97661	62.77389	-24.43622	7.60320	-1.59152	0.21928	0.99083	-0.08000	-0.10892	0.02753	0.90855	-0.41687	0.13231	0.41004	0.90242	
108	1.07000				189.29350	154.96142	62.77333	-24.41702	7.61715	-1.58227	0.21635	0.99080	-0.07992	-0.10924	0.02737	0.90870	-0.41655	0.13255	0.40973	0.90253	
109	1.08000				189.30265	154.95941	62.77229	-24.41339	7.63567	-1.57961	0.21814	0.99076	-0.08000	-0.10955	0.02732	0.90873	-0.41650	0.13287	0.40965	0.90251	
110	1.09000				189.28984	154.97056	62.77140	-24.43601	7.60863	-1.59572	0.21859	0.99081	-0.08010	-0.10898	0.02760	0.90855	-0.41687	0.13241	0.41003	0.90241	
111	1.10000				189.29988	154.96743	62.76997	-24.42656	7.62288	-1.58327	0.21888	0.99078	-0.07999	-0.10931	0.02739	0.90863	-0.41671	0.13265	0.40987	0.90245	
112	1.11000				189.29749	154.96176	62.77091	-24.42115	7.63685	-1.59260	0.21978	0.99075	-0.08023	-0.10947	0.02755	0.90865	-0.41664	0.13289	0.40977	0.90245	
113	1.12000				189.29723	154.96139	62.77212	-24.42675	7.62516	-1.59269	0.21904	0.99077	-0.08016	-0.10927	0.02755	0.90861	-0.41673	0.13269	0.40987	0.90244	
114	1.13000				189.28791	154.96740	62.77012	-24.43244	7.61713	-1.59870	0.21840	0.99079	-0.08021	-0.10910	0.02765	0.90857	-0.41683	0.13255	0.40997	0.90242	
115	1.14000				189.28187	154.97050	62.77273	-24.43203	7.61845	-1.59669	0.21797	0.99079	-0.08018	-0.10913	0.02762	0.90857	-0.41682	0.13258	0.40996	0.90242	
116	1.15000				189.29117	154.96999	62.77171	-24.42344	7.62110	-1.58595	0.22018	0.99079	-0.08001	-0.10926	0.02743	0.90865	-0.41666	0.13262	0.40982	0.90247	
117	1.16000				189.29275	154.96745	62.76941	-24.42331	7.61680	-1.58269	0.21741	0.99080	-0.07993	-0.10922	0.02738	0.90865	-0.41665	0.13255	0.40983	0.90248	
118	1.17000				189.29012	154.97101	62.76831	-24.42737	7.61317	-1.58725	0.21880	0.99080	-0.07999	-0.10912	0.02746	0.90862	-0.41672	0.13248	0.40989	0.90246	
119	1.18000				189.29656	154.96550	62.77066	-24.42121	7.62592	-1.59624	0.21970	0.99077	-0.08021	-0.10927	0.02761	0.90865	-0.41665	0.13270	0.40978	0.90248	
120	1.19000				189.29593	154.96802	62.76829	-24.42711	7.61793	-1.59979	0.21664	0.99079	-0.08022	-0.10911	0.02767	0.90860	-0.41674	0.13257	0.40989	0.90245	
121	1.20000				189.29695	154.96186	62.76836	-24.42444	7.62336	-1.60133	0.21692	0.99077	-0.08028	-0.10919	0.02770	0.90862	-0.41671	0.13266	0.40984	0.90246	
122	1.21000				189.29388	154.96705	62.77139	-24.41766	7.62073	-1.58061	0.21933	0.99079	-0.07992	-0.10930	0.02734	0.90870	-0.41656	0.13262	0.40973	0.90251	
123	1.22000				189.29749	154.95856	62.76635	-24.41470	7.63283	-1.58816	0.21871	0.99076	-0.08012	-0.10944	0.02747	0.90871	-0.41653	0.13282	0.40968	0.90251	
124	1.23000				189.29310	154.96897	62.76991	-24.42960	7.62439	-1.59153	0.22150	0.99078	-0.08014	-0.10927	0.02753	0.90859	-0.41677	0.13268	0.40992	0.90242	
125	1.24000				189.28835	154.96520	62.77005	-24.42753	7.61558	-1.59837	0.22124	0.99079	-0.08018	-0.10908	0.02765	0.90860	-0.41675	0.13253	0.40989	0.90245	
126	1.25000				189.30336	154.95931	62.76786	-24.42023	7.64452	-1.58483	0.21972	0.99073	-0.08016	-0.10965	0.02741	0.90867	-0.41662	0.13303	0.40975	0.90245	
127	1.26000				189.30433	154.96379	62.76739	-24.41588	7.64201	-1.59125	0.21782	0.99074	-0.08023	-0.10957	0.02752	0.90869	-0.41656	0.13298	0.40969	0.90248	
128	1.27000				189.28653	154.96614	62.77078	-24.43203	7.61421	-1.59321	0.21990	0.99080	-0.08010	-0.10909	0.02756	0.90858	-0.41681	0.13250	0.40997	0.90242	
129	1.28000				189.29663	154.96585	62.76708	-24.43038	7.61962	-1.58934	0.22010	0.99079	-0.08007	-0.10921	0.02749	0.90859	-0.41678	0.13260	0.40994	0.90243	
130	1.29000				189.29143	154.96263	62.77036	-24.42084	7.62286	-1.58839	0.22200	0.99078	-0.08006	-0.10928	0.02747	0.90866	-0.41662	0.13265	0.40978	0.90249	
131	1.30000				189.30588	154.96164	62.76523	-24.42068	7.63925	-1.58960	0.21555	0.99074	-0.08020	-0.10953	0.02749	0.90866	-0.41663	0.13294	0.40976	0.90245	
132	1.31000				189.28998	154.96734	62.77147	-24.42299	7.62902	-1.59012	0.21870	0.99077	-0.08014	-0.10936	0.02750	0.90864	-0.41666	0.13276	0.40981	0.90246	
133	1.32000				189.29891	154.96132	62.76832	-24.41763	7.64022	-1.58481	0.22156	0.99074	-0.08012	-0.10958	0.02741	0.90869	-0.41657	0.13295	0.40971	0.90247	
134	1.33000				189.28336	154.96917	62.77398	-24.42324	7.61017	-1.58480	0.22147	0.99081	-0.07992	-0.10910	0.02741	0.90865	-0.41665	0.13243	0.40983	0.90250	
135	1.34000				189.29535	154.96586	62.77011	-24.42369	7.62616	-1.57998	0.21841	0.99078	-0.07996	-0.10939	0.02733	0.90865	-0.41666	0.13271	0.40982	0.90246	
136	1.35000				189.29579	154.96495	62.76494	-24.42472	7.62561	-1.59310	0.21976	0.99077	-0.08016	-0.10928	0.02756	0.90863	-0.41670	0.13270	0.40984	0.90245	
137	1.36000				189.29187	154.96504	62.76783	-24.42465	7.61344	-1.58189	0.22068	0.99081	-0.07990	-0.10917	0.02736	0.90865	-0.41667	0.13249	0.40985	0.90248	
138	1.37000				189.29076	154.96920	62.76833	-24.42686	7.61451	-1.58613	0.21954	0.99080	-0.07998	-0.10915	0.02744	0.90862	-0.41671	0.13251	0.40988	0.90246	
139	1.38000				189.29748	154.96794	62.76691	-24.42721	7.62183	-1.59552	0.21957	0.99078	-0.08018	-0.10920	0.02760	0.90861	-0.41674	0.13263	0.40988	0.90244	
140	1.39000				189.28685	154.97070	62.76762	-24.42189	7.61851	-1.57917	0.22042	0.99080	-0.07989	-0.10927	0.02731	0.90867	-0.41662	0.13258	0.40980	0.90249	
141	1.40000				189.29048	154.96687	62.77037	-24.42312	7.62365	-1.58955	0.22084	0.99078	-0.08009	-0.10928	0.02749	0.90864	-0.41666	0.13267	0.40982	0.90247	
142	1.41000				189.29088	154.96167	62.77202	-24.41868	7.62197	-1.59317	0.21959	0.99078	-0.08013	-0.10923	0.02756	0.90867	-0.41660	0.13264	0.40975	0.90250	
143	1.42000				189.29993	154.96197	62.76994	-24.41541	7.63648	-1.59073	0.21831	0.99075	-0.08019	-0.10948	0.02751	0.90870	-0.41655	0.13289	0.40968	0.90250	
144	1.43000				189.30632	154.95668	62.76394	-24.41527	7.65381	-1.58621	0.21808	0.99071	-0.08024	-0.10979	0.02743	0.90870	-0.41655	0.13319	0.40966	0.90246	
145	1.44000				189.29736	154.96023	62.76657	-24.41087	7.64174	-1.58787	0.21952	0.99074	-0.08017	-0.10959	0.02746	0.90873	-0.41647	0.13298	0.40961	0.90252	
146	1.45000				189.29902	154.96019	62.76658	-24.41893	7.62775	-1.58797	0.22237	0.99077	-0.08009	-0.10936	0.02747	0.90868	-0.41660	0.13274	0.40975	0.90249	
147	1.46000				189.29206	154.96733	62.76687	-24.42907	7.61961	-1.59860	0.21863	0.99078	-0.08022	-0.10914	0.02765	0.90859	-0.41677	0.13260	0.40991	0.90243	
148	1.47000				189.29024	154.96495	62.76978	-24.41107	7.62566	-1.57855	0.22216	0.99078	-0.07991	-0.10941	0.02730	0.90875	-0.41645	0.13270	0.40963	0.90255	
149	1.48000				189.29749	154.96568	62.76594	-24.42138	7.63049	-1.58332	0.21980	0.99077	-0.08004	-0.10943	0.02739	0.90866	-0.41663	0.13278	0.40978	0.90247	
150	1.49000				189.30170	154.96038	62.76364	-24.41812	7.63658	-1.59614	0.21592	0.99075	-0.08028	-0.10944	0.02761	0.90867	-0.41660	0.13289	0.40973	0.90248	
151	1.50000				189.29212	154.97196	62.76846	-24.42137	7.62872	-1.58176	0.21663	0.99077	-0.08000	-0.10942	0.02736	0.90867	-0.41662	0.13275	0.40978	0.90247	
152	1.51000				189.28266	154.97216	62.76932	-24.43485	7.60404	-1.59414	0.21866	0.99082	-0.08004	-0.10892	0.02757	0.90856	-0.41685	0.13233	0.41002	0.90243	
153	1.52000				189.28442	154.97083	62.76928	-24.42796	7.61362	-1.58159	0.21996	0.99081	-0.07990	-0.10917	0.02736	0.90862	-0.41672	0.13249	0.40990	0.90246	
154	1.53000				189.28559	154.96836	62.76973	-24.42522	7.61467	-1.59383	0.21992	0.99080	-0.08010	-0.10910	0.02757	0.90863	-0.41670	0.13251	0.40986	0.90247	
155	1.54000				189.28359	154.96876	62.77168	-24.42699	7.60861	-1.59313	0.22057	0.99081	-0.08005	-0.10901	0.02756	0.90861	-0.41673	0.13241	0.40989	0.90247	
156	1.55000				189.29406	154.96618	62.76686	-24.42020	7.62861	-1.58041	0.21825	0.99077	-0.07997	-0.10943	0.02734	0.90868	-0.41660	0.13275	0.40977	0.90248	
157	1.56000				189.29235	154.96915	62.76665	-24.42212	7.61448	-1.58441	0.22005	0.99080	-0.07994	-0.10917	0.02741	0.90866	-0.41663	0.13251	0.40981	0.90250	
158	1.57000				189.30533	154.96028	62.76359	-24.41616	7.64108	-1.59322	0.21760	0.99074	-0.08026	-0.10954	0.02756	0.90869	-0.41657	0.13297	0.40969	0.90248	
159	1.58000				189.31008	154.95644	62.76602	-24.41105	7.64797	-1.58742	0.21891	0.99072	-0.08021	-0.10969	0.02746	0.90873	-0.41648	0.13309	0.40960	0.90250	
160	1.59000				189.29840	154.96361	62.76921	-24.42101	7.62720	-1.59456	0.21887	0.99077	-0.08019	-0.10930	0.02758	0.90865	-0.41664	0.13273	0.40978	0.90248	
161	1.60000				189.30236	154.96008	62.76522	-24.41566	7.63740	-1.58405	0.21910	0.99075	-0.08009	-0.10955	0.02740	0.90870	-0.41654	0.13290	0.40969	0.90249	
162	1.61000				189.29266	154.96342	62.76669	-24.41776	7.62396	-1.58825	0.22067	0.99078	-0.08006	-0.10930	0.02747	0.90869	-0.41658	0.13267	0.40973	0.90251	
163	1.62000				189.29346	154.97295	62.76524	-24.42924	7.62691	-1.59055	0.21842	0.99077	-0.08014	-0.10931	0.02751	0.90860	-0.41676	0.13272	0.40991	0.90242	
164	1.63000				189.29823	154.96123	62.76465	-24.42363	7.62918	-1.59725	0.21656	0.99076	-0.08025	-0.10931	0.02763	0.90863	-0.41669	0.13276	0.40982	0.90245	
165	1.64000				189.30583	154.96365	62.76228	-24.42198	7.64245	-1.59222	0.21750	0.99073	-0.08026	-0.10956	0.02754	0.90865	-0.41666	0.13299	0.40978	0.90244	
166	1.65000				189.29911	154.96503	62.76581	-24.42299	7.62737	-1.58942	0.21965	0.99077	-0.08011	-0.10934	0.02749	0.90865	-0.41666	0.13273	0.40981	0.90246	
167	1.66000				189.29450	154.96416	62.76499	-24.42145	7.63697	-1.59913	0.21817	0.99074	-0.08033	-0.10942	0.02766	0.90864	-0.41666	0.13290	0.40978	0.90245	
168	1.67000				189.29407	154.96989	62.76576	-24.42458	7.60884	-1.58833	0.21896	0.99081	-0.07997	-0.10905	0.02747	0.90864	-0.41668	0.13241	0.40985	0.90249	
169	1.68000				189.29190	154.96833	62.76686	-24.42269	7.61837	-1.58801	0.21966	0.99079	-0.08003	-0.10921	0.02747	0.90865	-0.41665	0.13257	0.40982	0.90248	
170	1.69000				189.28849	154.97104	62.76566	-24.42318	7.61294	-1.58555	0.22017	0.99081	-0.07995	-0.10914	0.02743	0.90865	-0.41665	0.13248	0.40983	0.90249	
171	1.70000				189.29990	154.97096	62.76363	-24.42473	7.63340	-1.59210	0.21788	0.99076	-0.08020	-0.10941	0.02754	0.90863	-0.41670	0.13283	0.40983	0.90244	
172	1.71000				189.29236	154.96653	62.76762	-24.42427	7.61850	-1.59716	0.22138	0.99079	-0.08018	-0.10914	0.02763	0.90863	-0.41669	0.13258	0.40984	0.90247	
173	1.72000				189.29372	154.96734	62.76814	-24.42977	7.61999	-1.59446	0.21865	0.99079	-0.08015	-0.10918	0.02758	0.90859	-0.41678	0.13260	0.40993	0.90243	
174	1.73000				189.29033	154.96537	62.76736	-24.41753	7.63685	-1.59078	0.21956	0.99075	-0.08019	-0.10948	0.02751	0.90868	-0.41658	0.13289	0.40972	0.90248	
175	1.74000				189.29413	154.96781	62.76605	-24.41978	7.62943	-1.57988	0.21876	0.99077	-0.07997	-0.10944	0.02733	0.90868	-0.41659	0.13277	0.40976	0.90248	
176	1.75000				189.29636	154.96168	62.76587	-24.41741	7.63302	-1.58787	0.22021	0.99076	-0.08012	-0.10945	0.02746	0.90869	-0.41657	0.13283	0.40972	0.90249	
177	1.76000				189.29457	154.96569	62.76483	-24.41940	7.63163	-1.58503	0.21984	0.99076	-0.08007	-0.10944	0.02742	0.90868	-0.41660	0.13280	0.40975	0.90248	
178	1.77000				189.29974	154.96406	62.76303	-24.42039	7.63443	-1.60101	0.21835	0.99075	-0.08034	-0.10937	0.02769	0.90865	-0.41665	0.13285	0.40976	0.90247	
179	1.78000				189.30094	154.96397	62.76571	-24.42616	7.63162	-1.59979	0.21912	0.99076	-0.08031	-0.10933	0.02767	0.90861	-0.41673	0.13280	0.40986	0.90243	
180	1.79000				189.28737	154.97210	62.76335	-24.42688	7.61397	-1.59589	0.21891	0.99080	-0.08013	-0.10907	0.02760	0.90861	-0.41673	0.13250	0.40989	0.90246	
181	1.80000				189.29839	154.96410	62.76343	-24.41602	7.62853	-1.58217	0.21812	0.99077	-0.07999	-0.10942	0.02737	0.90871	-0.41654	0.13275	0.40970	0.90251	
182	1.81000				189.29419	154.96716	62.76508	-24.42747	7.62220	-1.59707	0.21948	0.99078	-0.08021	-0.10919	0.02762	0.90860	-0.41675	0.13264	0.40989	0.90244	
183	1.82000				189.28746	154.96916	62.76596	-24.42921	7.61427	-1.60253	0.21739	0.99079	-0.08024	-0.10903	0.02772	0.90858	-0.41678	0.13250	0.40992	0.90244	
184	1.83000				189.28749	154.96718	62.76904	-24.41801	7.62591	-1.58960	0.22125	0.99077	-0.08010	-0.10932	0.02749	0.90868	-0.41658	0.13270	0.40973	0.90250	
185	1.84000				189.28743	154.96818	62.76587	-24.42245	7.62652	-1.59484	0.22011	0.99077	-0.08019	-0.10929	0.02759	0.90864	-0.41666	0.13272	0.40980	0.90247	
186	1.85000				189.29663	154.96549	62.76459	-24.42025	7.63503	-1.59188	0.21846	0.99075	-0.08020	-0.10944	0.02753	0.90866	-0.41663	0.13286	0.40976	0.90247	
187	1.86000				189.29225	154.96349	62.76678	-24.41980	7.61787	-1.58059	0.22124	0.99080	-0.07990	-0.10926	0.02734	0.90868	-0.41659	0.13257	0.40977	0.90250	
188	1.87000				189.29417	154.95831	62.76595	-24.41122	7.62954	-1.59006	0.22020	0.99077	-0.08012	-0.10938	0.02750	0.90873	-0.41648	0.13277	0.40962	0.90254	
189	1.88000				189.30254	154.96682	62.76516	-24.41980	7.64416	-1.61089	0.21508	0.99072	-0.08057	-0.10945	0.02786	0.90864	-0.41666	0.13302	0.40975	0.90245	
190	1.89000				189.28070	155.02598	62.76389	-24.43479	7.65041	-1.68609	0.21285	0.99067	-0.08183	-0.10898	0.02916	0.90842	-0.41704	0.13313	0.40998	0.90233	
191	1.90000				189.27720	155.06605	62.75576	-24.40900	7.71652	-1.79493	0.21753	0.99046	-0.08398	-0.10927	0.03104	0.90843	-0.41687	0.13427	0.40951	0.90237	
192	1.91000				189.27501	155.13701	62.75751	-24.39109	7.78760	-1.90056	0.21095	0.99023	-0.08613	-0.10964	0.03286	0.90839	-0.41683	0.13550	0.40915	0.90235	
193	1.92000				189.32847	155.06278	62.76904	-24.23773	7.82181	-1.89591	0.21734	0.99015	-0.08601	-0.11045	0.03278	0.90950	-0.41440	0.13609	0.40670	0.90337	
194	1.93000				189.40249	154.70673	62.79971	-24.02017	7.79169	-1.74298	0.23140	0.99031	-0.08294	-0.11139	0.03014	0.91130	-0.41064	0.13557	0.40330	0.90497	
195	1.94000				189.54600	154.35925	62.81356	-23.90782	7.79967	-1.66391	0.23654	0.99033	-0.08152	-0.11225	0.02877	0.91222	-0.40870	0.13571	0.40152	0.90574	
196	1.95000				189.85567	153.83838	62.83723	-23.74763	7.77839	-1.53412	0.25502	0.99044	-0.07899	-0.11306	0.02653	0.91354	-0.40588	0.13534	0.39900	0.90691	
197	1.96000				190.03493	153.37113	62.87906	-23.47756	7.78299	-1.37377	0.28433	0.99050	-0.07592	-0.11462	0.02375	0.91566	-0.40125	0.13542	0.39472	0.90877	
198	1.97000				189.89394	153.02879	63.00531	-23.14222	7.67409	-1.39219	0.29957	0.99075	-0.07481	-0.11321	0.02408	0.91799	-0.39588	0.13354	0.38949	0.91130	
199	1.98000				189.64842	152.50906	63.20310	-22.70383	7.49577	-1.49378	0.30982	0.99112	-0.07438	-0.11024	0.02585	0.92089	-0.38897	0.13045	0.38267	0.91463	
200	1.99000				189.40302	151.53717	63.52660	-21.96025	7.22219	-1.78950	0.32776	0.99158	-0.07595	-0.10486	0.03098	0.92552	-0.37742	0.12572	0.37100	0.92009	
201	2.00000				189.05944	150.11172	64.07949	-20.88902	6.60939	-2.26081	0.35208	0.99258	-0.07786	-0.09339	0.03919	0.93193	-0.36052	0.11510	0.35419	0.92806	
202	2.01000				188.42958	148.31588	64.90726	-19.33003	5.60480	-3.07110	0.40505	0.99379	-0.08284	-0.07429	0.05332	0.94054	-0.33547	0.09767	0.32943	0.93912	
203	2.02000				187.57004	146.36683	65.96701	-17.30979	4.29455	-3.91627	0.42450	0.99486	-0.08743	-0.05100	0.06811	0.95096	-0.30173	0.07488	0.29670	0.95203	
204	2.03000				186.75944	144.80284	67.29477	-15.93540	3.19257	-4.65903	0.39918	0.99515	-0.09334	-0.03107	0.08110	0.95715	-0.27800	0.05569	0.27413	0.96008	
205	2.04000				186.46298	143.97261	68.94410	-15.78846	3.28217	-4.78903	0.39703	0.99487	-0.09586	-0.03219	0.08335	0.95761	-0.27574	0.05725	0.27164	0.96069	
206	2.05000				186.99230	143.57761	71.11834	-16.52763	4.61455	-3.87586	0.43824	0.99448	-0.08764	-0.05772	0.06738	0.95494	-0.28904	0.08045	0.28356	0.95558	
207	2.06000				187.55323	143.59762	74.19242	-17.75705	6.20730	-2.78711	0.44430	0.99296	-0.07925	-0.08802	0.04834	0.94963	-0.30963	0.10813	0.30319	0.94677	
208	2.07000				187.76530	143.56725	78.46587	-18.52886	7.18651	-1.82324	0.48862	0.99164	-0.06990	-0.10844	0.03157	0.94642	-0.32140	0.12510	0.31529	0.94072	
209	2.08000				187.61119	143.51440	84.01464	-18.92472	7.38450	-1.37626	0.55068	0.99142	-0.06439	-0.11376	0.02382	0.94467	-0.32715	0.12853	0.32164	0.93810	
210	2.09000				194.49652	141.35499	86.46814	-19.38146	17.71436	-4.56348	3.13957	0.94957	-0.17571	-0.25972	0.07579	0.93231	-0.35364	0.30427	0.31612	0.89860	
211	2.10000				198.21268	140.12029	91.50712	-20.07213	23.93373	-5.70612	5.05927	0.90949	-0.23193	-0.34503	0.09088	0.92076	-0.37939	0.40568	0.31369	0.85850	
212	2.11000				199.82944	139.91633	99.18275	-21.59430	27.45487	-5.40900	5.93076	0.88342	-0.25657	-0.39209	0.08365	0.90968	-0.40680	0.46105	0.32658	0.82509	
213	2.12000				200.00373	141.08852	109.85613	-24.57230	26.68903	-4.16804	6.61030	0.89109	-0.25238	-0.37717	0.06494	0.89346	-0.44443	0.44915	0.37154	0.81254	
214	2.13000				199.73599	141.79321	122.14428	-26.14122	26.79621	-3.08705	6.62912	0.89132	-0.24668	-0.38039	0.04807	0.88571	-0.46174	0.45082	0.39327	0.80131	
215	2.14000				199.53839	142.18913	136.25632	-26.97682	26.36046	-2.71453	6.51158	0.89501	-0.24340	-0.37378	0.04244	0.88065	-0.47186	0.44402	0.40646	0.79852	
216	2.15000				199.29382	142.57869	151.58230	-27.91616	25.85061	-2.28415	6.39898	0.89922	-0.23919	-0.36632	0.03587	0.87480	-0.48316	0.43603	0.42133	0.79521	
217	2.16000				199.01542	142.86195	167.98884	-28.75060	25.28681	-1.90507	6.27613	0.90368	-0.23449	-0.35829	0.03006	0.86941	-0.49318	0.42715	0.43491	0.79272	
218	2.17000				198.19500	143.23424	185.36340	-30.10676	23.36635	-1.50084	6.18770	0.91767	-0.22153	-0.32985	0.02404	0.85958	-0.51043	0.39661	0.46047	0.79414	
219	2.18000				197.81703	143.21956	203.73354	-30.64830	22.73451	-1.37874	6.03572	0.92204	-0.21765	-0.32012	0.02219	0.85532	-0.51762	0.38646	0.47016	0.79347	
220	2.19000				197.43817	143.12230	222.95545	-31.21812	22.17658	-1.21918	5.87577	0.92582	-0.21379	-0.31170	0.01970	0.85084	-0.52505	0.37746	0.47996	0.79194	
221	2.20000				196.83675	143.17691	242.96356	-31.95991	21.44907	-1.18077	5.72422	0.93055	-0.21100	-0.29927	0.01918	0.84425	-0.53561	0.36567	0.49267	0.78966	
222	2.21000				185.75908	146.27463	270.77492	-30.33743	5.29577	2.14405	1.41272	0.99503	-0.01430	-0.09850	-0.03725	0.86421	-0.50176	0.09230	0.50294	0.85938	
223	2.22000				185.69571	145.90192	291.86966	-31.02413	4.95132	1.83375	1.55292	0.99576	-0.01704	-0.09042	-0.03188	0.85793	-0.51277	0.08631	0.51348	0.85375	
224	2.23000				185.22138	145.23340	313.11612	-31.28455	4.93969	1.37101	1.39069	0.99600	-0.02425	-0.08599	-0.02384	0.85542	-0.51738	0.08611	0.51736	0.85142	
225	2.24000				184.53464	144.78483	334.78319	-31.76537	4.50510	0.66298	1.36840	0.99684	-0.03151	-0.07287	-0.01154	0.85063	-0.52563	0.07855	0.52482	0.84758	
226	2.25000				183.75273	144.20818	356.56723	-32.22181	3.97988	0.27321	1.30795	0.99758	-0.03297	-0.06126	-0.00476	0.84616	-0.53291	0.06941	0.53191	0.84395	
227	2.26000				182.82545	143.73095	378.38119	-32.83493	3.44456	0.04312	1.23700	0.99819	-0.03195	-0.05089	-0.00075	0.84026	-0.54218	0.06008	0.54124	0.83872	
228	2.27000				183.06642	143.21567	399.36990	-34.05164	4.45862	-0.61433	1.41473	0.99692	-0.05241	-0.05840	0.01069	0.82802	-0.56060	0.07774	0.55825	0.82603	
229	2.28000				184.03748	142.51064	420.01169	-34.87525	6.48090	-1.18304	1.93275	0.99340	-0.08146	-0.08077	0.02051	0.81889	-0.57358	0.11287	0.56814	0.81516	
230	2.29000				184.91766	141.81614	440.49699	-35.86384	8.55213	-2.06070	2.65575	0.98824	-0.11621	-0.09937	0.03556	0.80675	-0.58982	0.14871	0.57935	0.80140	
231	2.30000				185.58960	141.46988	460.33187	-37.49663	10.13574	-3.23918	2.90187	0.98282	-0.15178	-0.10500	0.05562	0.78607	-0.61563	0.17598	0.59921	0.78101	
232	2.31000				185.10047	141.38001	480.94098	-38.15918	10.61057	-3.90829	3.33255	0.98062	-0.16710	-0.10233	0.06699	0.77671	-0.62628	0.18413	0.60728	0.77285	
233	2.32000				183.40023	141.70518	501.85156	-38.42400	9.35037	-4.30796	3.21716	0.98393	-0.15954	-0.08024	0.07412	0.77364	-0.62928	0.16247	0.61322	0.77302	
234	2.33000				181.61448	142.09596	522.25035	-38.58219	8.06469	-4.73648	3.11596	0.98673	-0.15174	-0.05780	0.08176	0.77182	-0.63056	0.14029	0.61747	0.77398	
235	2.34000				179.67782	142.67941	542.09388	-38.82499	6.72084	-5.03554	2.96857	0.98930	-0.14147	-0.03579	0.08717	0.76962	-0.63253	0.11703	0.62264	0.77371	
236	2.35000				177.37496	143.28284	561.68945	-38.78094	5.41214	-4.80742	3.11182	0.99204	-0.12420	-0.02078	0.08343	0.77185	-0.63030	0.09432	0.62355	0.77607	
237	2.36000				175.43568	144.13967	580.34538	-39.03793	4.41083	-4.92821	2.79551	0.99335	-0.11499	-0.00541	0.08565	0.76970	-0.63264	0.07691	0.62797	0.77443	
238	2.37000				174.17263	144.19131	598.22316	-38.22027	3.54653	-3.71092	2.99243	0.99599	-0.08904	-0.00845	0.06460	0.78151	-0.62053	0.06186	0.61750	0.78413	
239	2.38000				172.33940	145.42156	615.64740	-38.81953	2.30774	-3.48844	2.52733	0.99734	-0.07260	0.00683	0.06080	0.77614	-0.62762	0.04027	0.62636	0.77849	
240	2.39000				169.99022	146.72854	632.44150	-39.42097	0.70139	-3.57158	2.24524	0.99798	-0.05588	0.03012	0.06229	0.77052	-0.63437	0.01224	0.63497	0.77244	
241	2.40000				167.79763	148.13314	648.61097	-40.32851	-1.37552	-3.19798	1.92548	0.99815	-0.02702	0.05437	0.05577	0.76203	-0.64514	-0.02401	0.64698	0.76213	
242	2.41000				165.51925	149.66853	664.14905	-41.04039	-2.81018	-3.39547	1.72497	0.99704	-0.01254	0.07580	0.05916	0.75483	-0.65325	-0.04903	0.65580	0.75334	
243	2.42000				163.37182	151.26023	679.05170	-41.74131	-4.00901	-3.59452	1.59699	0.99559	-0.00033	0.09380	0.06254	0.74761	-0.66119	-0.06991	0.66414	0.74433	
244	2.43000				161.40634	152.86874	693.31057	-42.40284	-4.90809	-3.76273	1.53793	0.99419	0.00911	0.10729	0.06538	0.74062	-0.66874	-0.08556	0.67187	0.73571	
245	2.44000				159.63783	154.49346	706.93128	-43.03405	-5.49637	-3.97864	1.51846	0.99300	0.01449	0.11719	0.06907	0.73372	-0.67593	-0.09578	0.67930	0.72759	
246	2.45000				158.07122	156.10819	719.87937	-43.62866	-5.76255	-4.23947	1.53642	0.99222	0.01558	0.12348	0.07355	0.72697	-0.68272	-0.10041	0.68649	0.72017	
247	2.46000				156.00822	156.35580	732.32965	-41.93111	-5.37184	-6.88006	1.43303	0.98844	-0.02701	0.14920	0.11927	0.74609	-0.65508	-0.09362	0.66530	0.74068	
248	2.47000				154.42456	158.64459	744.16904	-44.80257	-5.80760	-6.63947	1.12380	0.98820	-0.01121	0.15279	0.11503	0.71302	-0.69164	-0.10119	0.70105	0.70590	
249	2.48000				152.62221	160.12014	755.18610	-45.17433	-6.24248	-7.07778	1.12662	0.98650	-0.01033	0.16346	0.12249	0.70908	-0.69441	-0.10874	0.70505	0.70077	
250	2.49000				150.74991	161.48420	765.56269	-45.35241	-6.79836	-7.55122	1.12805	0.98436	-0.00886	0.17596	0.13049	0.70772	-0.69434	-0.11838	0.70644	0.69780	
251	2.50000				148.81749	162.75387	775.17658	-45.56768	-7.32792	-8.05097	1.13127	0.98206	-0.00787	0.18842	0.13891	0.70592	-0.69453	-0.12755	0.70825	0.69435	
252	2.51000				146.88210	163.93055	784.04550	-45.79225	-7.81278	-8.50296	1.13193	0.97983	-0.00673	0.19973	0.14649	0.70401	-0.69492	-0.13594	0.71016	0.69079	
253	2.52000				145.00024	165.01208	792.16609	-46.03910	-8.16817	-8.90641	1.13619	0.97792	-0.00643	0.20888	0.15325	0.70163	-0.69587	-0.14208	0.71251	0.68713	
254	2.53000				143.12955	165.96551	799.53008	-46.29012	-8.46056	-9.29749	1.13834	0.97612	-0.00669	0.21712	0.15980	0.69911	-0.69693	-0.14713	0.71498	0.68349	
